% Shemat-Suite version: SHEMAT-Suite 9.0 (Freely)                                                       
% data fit at iteration                final
%    i     j     k     unit     type               calc             obs             err            diff             res            time  ozone
    32    15    21       12        2     0.15589692E+03  0.15145234E+03  0.50000000E+00  0.44445792E+01  0.88891583E+01  0.60000000E+08     1
    32    15    22       12        2     0.15215869E+03  0.14773580E+03  0.50000000E+00  0.44228942E+01  0.88457884E+01  0.60000000E+08     1
    32    15    23       12        2     0.14843899E+03  0.14403725E+03  0.50000000E+00  0.44017315E+01  0.88034630E+01  0.60000000E+08     1
    32    15    24       12        2     0.14473734E+03  0.14035619E+03  0.50000000E+00  0.43811586E+01  0.87623172E+01  0.60000000E+08     1
    32    15    25       12        2     0.14105327E+03  0.13669201E+03  0.50000000E+00  0.43612607E+01  0.87225213E+01  0.60000000E+08     1
    32    15    26       12        2     0.13738621E+03  0.13304408E+03  0.50000000E+00  0.43421276E+01  0.86842552E+01  0.60000000E+08     1
    32    15    27       12        2     0.13373553E+03  0.12941170E+03  0.50000000E+00  0.43238296E+01  0.86476593E+01  0.60000000E+08     1
    32    15    28       12        2     0.13010054E+03  0.12579415E+03  0.50000000E+00  0.43063970E+01  0.86127940E+01  0.60000000E+08     1
    32    15    29       12        2     0.12648059E+03  0.12219071E+03  0.50000000E+00  0.42898769E+01  0.85797537E+01  0.60000000E+08     1
    32    15    30       12        2     0.12287494E+03  0.11860055E+03  0.50000000E+00  0.42743884E+01  0.85487769E+01  0.60000000E+08     1
    32    15    31       12        2     0.11928280E+03  0.11502268E+03  0.50000000E+00  0.42601222E+01  0.85202445E+01  0.60000000E+08     1
    32    15    32       12        2     0.11570317E+03  0.11145585E+03  0.50000000E+00  0.42473178E+01  0.84946355E+01  0.60000000E+08     1
    32    15    33       12        2     0.11213476E+03  0.10789855E+03  0.50000000E+00  0.42362118E+01  0.84724236E+01  0.60000000E+08     1
    32    15    34       12        2     0.10857602E+03  0.10434913E+03  0.50000000E+00  0.42268880E+01  0.84537760E+01  0.60000000E+08     1
    32    15    35       12        2     0.10502516E+03  0.10080633E+03  0.50000000E+00  0.42188303E+01  0.84376605E+01  0.60000000E+08     1
    32    15    36       12        2     0.10148067E+03  0.97269028E+02  0.50000000E+00  0.42116450E+01  0.84232901E+01  0.60000000E+08     1
    32    15    37       12        2     0.97941111E+02  0.93735758E+02  0.50000000E+00  0.42053534E+01  0.84107069E+01  0.60000000E+08     1
    32    15    38       12        2     0.94404446E+02  0.90204327E+02  0.50000000E+00  0.42001192E+01  0.84002383E+01  0.60000000E+08     1
    32    15    39       12        2     0.90867737E+02  0.86671385E+02  0.50000000E+00  0.41963518E+01  0.83927037E+01  0.60000000E+08     1
    32    15    40       12        2     0.87326695E+02  0.83131509E+02  0.50000000E+00  0.41951857E+01  0.83903714E+01  0.60000000E+08     1
    32    15    41       12        2     0.83774931E+02  0.79575263E+02  0.50000000E+00  0.41996680E+01  0.83993360E+01  0.60000000E+08     1
    32    15    42       12        2     0.80202507E+02  0.75984904E+02  0.50000000E+00  0.42176034E+01  0.84352069E+01  0.60000000E+08     1
    32    15    43       12        2     0.76592565E+02  0.72324252E+02  0.50000000E+00  0.42683133E+01  0.85366267E+01  0.60000000E+08     1
    32    15    44       12        2     0.72912232E+02  0.68531442E+02  0.50000000E+00  0.43807905E+01  0.87615810E+01  0.60000000E+08     1
    32    15    45       12        2     0.69103301E+02  0.64669560E+02  0.50000000E+00  0.44337403E+01  0.88674805E+01  0.60000000E+08     1
    32    15    46       12        2     0.65228399E+02  0.60810325E+02  0.50000000E+00  0.44180743E+01  0.88361487E+01  0.60000000E+08     1
    32    15    47       12        2     0.61358526E+02  0.56994213E+02  0.50000000E+00  0.43643125E+01  0.87286250E+01  0.60000000E+08     1
    32    15    48       12        2     0.57531776E+02  0.53259247E+02  0.50000000E+00  0.42725291E+01  0.85450581E+01  0.60000000E+08     1
    32    15    49       12        2     0.53782366E+02  0.49667649E+02  0.50000000E+00  0.41147169E+01  0.82294337E+01  0.60000000E+08     1
    32    15    50       12        2     0.50165674E+02  0.46839711E+02  0.50000000E+00  0.33259625E+01  0.66519251E+01  0.60000000E+08     1
    32    15    51        9        2     0.47301642E+02  0.43918630E+02  0.50000000E+00  0.33830120E+01  0.67660240E+01  0.60000000E+08     1
    32    15    52        8        2     0.44285569E+02  0.40376437E+02  0.50000000E+00  0.39091317E+01  0.78182635E+01  0.60000000E+08     1
    32    15    53        8        2     0.40632558E+02  0.36129785E+02  0.50000000E+00  0.45027735E+01  0.90055471E+01  0.60000000E+08     1
    32    15    54        7        2     0.36293090E+02  0.31150589E+02  0.50000000E+00  0.51425010E+01  0.10285002E+02  0.60000000E+08     1
    32    15    55        7        2     0.31232383E+02  0.26234622E+02  0.50000000E+00  0.49977603E+01  0.99955205E+01  0.60000000E+08     1
    32    15    56        7        2     0.26268298E+02  0.21462407E+02  0.50000000E+00  0.48058909E+01  0.96117818E+01  0.60000000E+08     1
    32    15    57        7        2     0.21472113E+02  0.17040457E+02  0.50000000E+00  0.44316560E+01  0.88633120E+01  0.60000000E+08     1
    79    23    31       12        2     0.11616432E+03  0.11190129E+03  0.50000000E+00  0.42630243E+01  0.85260486E+01  0.60000000E+08     1
    79    23    32       12        2     0.11255234E+03  0.10831165E+03  0.50000000E+00  0.42406902E+01  0.84813805E+01  0.60000000E+08     1
    79    23    33       12        2     0.10895744E+03  0.10473877E+03  0.50000000E+00  0.42186683E+01  0.84373366E+01  0.60000000E+08     1
    79    23    34       12        2     0.10537928E+03  0.10118208E+03  0.50000000E+00  0.41971925E+01  0.83943850E+01  0.60000000E+08     1
    79    23    35       12        2     0.10181734E+03  0.97640698E+02  0.50000000E+00  0.41766385E+01  0.83532771E+01  0.60000000E+08     1
    79    23    36       12        2     0.98270857E+02  0.94113242E+02  0.50000000E+00  0.41576154E+01  0.83152307E+01  0.60000000E+08     1
    79    23    37       12        2     0.94738622E+02  0.90597498E+02  0.50000000E+00  0.41411240E+01  0.82822481E+01  0.60000000E+08     1
    79    23    38       12        2     0.91218620E+02  0.87089785E+02  0.50000000E+00  0.41288359E+01  0.82576718E+01  0.60000000E+08     1
    79    23    39       12        2     0.87707357E+02  0.83583770E+02  0.50000000E+00  0.41235865E+01  0.82471729E+01  0.60000000E+08     1
    79    23    40       12        2     0.84198497E+02  0.80068237E+02  0.50000000E+00  0.41302599E+01  0.82605198E+01  0.60000000E+08     1
    79    23    41       12        2     0.80680128E+02  0.76522745E+02  0.50000000E+00  0.41573831E+01  0.83147662E+01  0.60000000E+08     1
    79    23    42       12        2     0.77129143E+02  0.72909137E+02  0.50000000E+00  0.42200061E+01  0.84400122E+01  0.60000000E+08     1
    79    23    43       12        2     0.73499627E+02  0.68506751E+02  0.50000000E+00  0.49928759E+01  0.99857519E+01  0.60000000E+08     1
    79    23    44        6        2     0.69043214E+02  0.64742587E+02  0.50000000E+00  0.43006272E+01  0.86012543E+01  0.60000000E+08     1
    79    23    45        9        2     0.65161072E+02  0.61703930E+02  0.50000000E+00  0.34571413E+01  0.69142826E+01  0.60000000E+08     1
    79    23    46        8        2     0.61965606E+02  0.57964762E+02  0.50000000E+00  0.40008439E+01  0.80016878E+01  0.60000000E+08     1
    79    23    47        8        2     0.58073058E+02  0.53428196E+02  0.50000000E+00  0.46448620E+01  0.92897240E+01  0.60000000E+08     1
    79    23    48        7        2     0.53468311E+02  0.48175945E+02  0.50000000E+00  0.52923658E+01  0.10584732E+02  0.60000000E+08     1
    79    23    49        7        2     0.48178967E+02  0.42972006E+02  0.50000000E+00  0.52069602E+01  0.10413920E+02  0.60000000E+08     1
    79    23    50        7        2     0.42955928E+02  0.37780273E+02  0.50000000E+00  0.51756547E+01  0.10351309E+02  0.60000000E+08     1
    79    23    51        7        2     0.37758329E+02  0.32571487E+02  0.50000000E+00  0.51868425E+01  0.10373685E+02  0.60000000E+08     1
    79    23    52        7        2     0.32566455E+02  0.27557691E+02  0.50000000E+00  0.50087643E+01  0.10017529E+02  0.60000000E+08     1
    79    23    53        6        2     0.27569467E+02  0.22740615E+02  0.50000000E+00  0.48288520E+01  0.96577040E+01  0.60000000E+08     1
    79    23    54        6        2     0.22752225E+02  0.17889341E+02  0.50000000E+00  0.48628838E+01  0.97257676E+01  0.60000000E+08     1
    54    35    18       12        2     0.16821585E+03  0.16379233E+03  0.50000000E+00  0.44235143E+01  0.88470286E+01  0.60000000E+08     1
    54    35    19       12        2     0.16443773E+03  0.16005174E+03  0.50000000E+00  0.43859935E+01  0.87719871E+01  0.60000000E+08     1
    54    35    20       12        2     0.16068725E+03  0.15630407E+03  0.50000000E+00  0.43831750E+01  0.87663500E+01  0.60000000E+08     1
    54    35    21       11        2     0.15693338E+03  0.15255215E+03  0.50000000E+00  0.43812343E+01  0.87624685E+01  0.60000000E+08     1
    54    35    22       11        2     0.15317673E+03  0.14882833E+03  0.50000000E+00  0.43483990E+01  0.86967980E+01  0.60000000E+08     1
    54    35    23       11        2     0.14944882E+03  0.14512802E+03  0.50000000E+00  0.43208006E+01  0.86416012E+01  0.60000000E+08     1
    54    35    24       11        2     0.14574469E+03  0.14145250E+03  0.50000000E+00  0.42921987E+01  0.85843975E+01  0.60000000E+08     1
    54    35    25       11        2     0.14206557E+03  0.13780218E+03  0.50000000E+00  0.42633953E+01  0.85267905E+01  0.60000000E+08     1
    54    35    26       11        2     0.13841192E+03  0.13417776E+03  0.50000000E+00  0.42341598E+01  0.84683196E+01  0.60000000E+08     1
    54    35    27       11        2     0.13478447E+03  0.13058006E+03  0.50000000E+00  0.42044147E+01  0.84088294E+01  0.60000000E+08     1
    54    35    28       11        2     0.13118406E+03  0.12701003E+03  0.50000000E+00  0.41740310E+01  0.83480620E+01  0.60000000E+08     1
    54    35    29       11        2     0.12761154E+03  0.12346885E+03  0.50000000E+00  0.41426862E+01  0.82853723E+01  0.60000000E+08     1
    54    35    30       11        2     0.12406774E+03  0.11995803E+03  0.50000000E+00  0.41097055E+01  0.82194110E+01  0.60000000E+08     1
    54    35    31       11        2     0.12055342E+03  0.11647959E+03  0.50000000E+00  0.40738300E+01  0.81476600E+01  0.60000000E+08     1
    54    35    32       11        2     0.11706913E+03  0.11303626E+03  0.50000000E+00  0.40328761E+01  0.80657521E+01  0.60000000E+08     1
    54    35    33       11        2     0.11361502E+03  0.10963170E+03  0.50000000E+00  0.39833270E+01  0.79666541E+01  0.60000000E+08     1
    54    35    34       11        2     0.11019062E+03  0.10627044E+03  0.50000000E+00  0.39201806E+01  0.78403612E+01  0.60000000E+08     1
    54    35    35       11        2     0.10679538E+03  0.10295704E+03  0.50000000E+00  0.38383383E+01  0.76766767E+01  0.60000000E+08     1
    54    35    36       11        2     0.10343266E+03  0.98804323E+02  0.50000000E+00  0.46283389E+01  0.92566779E+01  0.60000000E+08     1
    54    35    37       10        2     0.99227837E+02  0.93801123E+02  0.50000000E+00  0.54267135E+01  0.10853427E+02  0.60000000E+08     1
    54    35    38       10        2     0.94188451E+02  0.88818554E+02  0.50000000E+00  0.53698969E+01  0.10739794E+02  0.60000000E+08     1
    54    35    39       10        2     0.89190454E+02  0.83852054E+02  0.50000000E+00  0.53384001E+01  0.10676800E+02  0.60000000E+08     1
    54    35    40       10        2     0.84220093E+02  0.78904814E+02  0.50000000E+00  0.53152792E+01  0.10630558E+02  0.60000000E+08     1
    54    35    41       10        2     0.79273435E+02  0.73984686E+02  0.50000000E+00  0.52887489E+01  0.10577498E+02  0.60000000E+08     1
    54    35    42       10        2     0.74353756E+02  0.69104925E+02  0.50000000E+00  0.52488315E+01  0.10497663E+02  0.60000000E+08     1
    54    35    43       10        2     0.69471654E+02  0.64288775E+02  0.50000000E+00  0.51828792E+01  0.10365758E+02  0.60000000E+08     1
    54    35    44       10        2     0.64649023E+02  0.59580391E+02  0.50000000E+00  0.50686322E+01  0.10137264E+02  0.60000000E+08     1
    54    35    45       10        2     0.59929563E+02  0.55068754E+02  0.50000000E+00  0.48608092E+01  0.97216184E+01  0.60000000E+08     1
    54    35    46       10        2     0.55402523E+02  0.51962377E+02  0.50000000E+00  0.34401466E+01  0.68802932E+01  0.60000000E+08     1
    54    35    47        9        2     0.52279451E+02  0.50067965E+02  0.50000000E+00  0.22114863E+01  0.44229726E+01  0.60000000E+08     1
    54    35    48        9        2     0.50370072E+02  0.47497134E+02  0.50000000E+00  0.28729386E+01  0.57458772E+01  0.60000000E+08     1
    54    35    49        8        2     0.47775174E+02  0.44277886E+02  0.50000000E+00  0.34972887E+01  0.69945775E+01  0.60000000E+08     1
    54    35    50        8        2     0.44524830E+02  0.40344676E+02  0.50000000E+00  0.41801549E+01  0.83603097E+01  0.60000000E+08     1
    54    35    51        7        2     0.40555074E+02  0.35710074E+02  0.50000000E+00  0.48450000E+01  0.96900000E+01  0.60000000E+08     1
    54    35    52        7        2     0.35877694E+02  0.31108668E+02  0.50000000E+00  0.47690264E+01  0.95380528E+01  0.60000000E+08     1
    54    35    53        7        2     0.31233045E+02  0.26543506E+02  0.50000000E+00  0.46895390E+01  0.93790781E+01  0.60000000E+08     1
    54    35    54        7        2     0.26626749E+02  0.22014892E+02  0.50000000E+00  0.46118571E+01  0.92237143E+01  0.60000000E+08     1
    54    35    55        7        2     0.22061579E+02  0.17520305E+02  0.50000000E+00  0.45412741E+01  0.90825483E+01  0.60000000E+08     1
    50    45    27       11        2     0.13669001E+03  0.13259854E+03  0.50000000E+00  0.40914701E+01  0.81829401E+01  0.60000000E+08     1
    50    45    28       11        2     0.13315928E+03  0.12910242E+03  0.50000000E+00  0.40568558E+01  0.81137117E+01  0.60000000E+08     1
    50    45    29       11        2     0.12965794E+03  0.12563626E+03  0.50000000E+00  0.40216749E+01  0.80433498E+01  0.60000000E+08     1
    50    45    30       11        2     0.12618675E+03  0.12220110E+03  0.50000000E+00  0.39856510E+01  0.79713020E+01  0.60000000E+08     1
    50    45    31       11        2     0.12274684E+03  0.11879860E+03  0.50000000E+00  0.39482357E+01  0.78964714E+01  0.60000000E+08     1
    50    45    32       11        2     0.11933997E+03  0.11543170E+03  0.50000000E+00  0.39082667E+01  0.78165334E+01  0.60000000E+08     1
    50    45    33       11        2     0.11596914E+03  0.11210601E+03  0.50000000E+00  0.38631323E+01  0.77262647E+01  0.60000000E+08     1
    50    45    34       11        2     0.11264006E+03  0.10883341E+03  0.50000000E+00  0.38066497E+01  0.76132995E+01  0.60000000E+08     1
    50    45    35       11        2     0.10936458E+03  0.10564108E+03  0.50000000E+00  0.37234977E+01  0.74469953E+01  0.60000000E+08     1
    50    45    36       11        2     0.10616977E+03  0.10177092E+03  0.50000000E+00  0.43988427E+01  0.87976854E+01  0.60000000E+08     1
    50    45    37       10        2     0.10229748E+03  0.97079256E+02  0.50000000E+00  0.52182192E+01  0.10436438E+02  0.60000000E+08     1
    50    45    38       10        2     0.97604067E+02  0.92265274E+02  0.50000000E+00  0.53387921E+01  0.10677584E+02  0.60000000E+08     1
    50    45    39       10        2     0.92787704E+02  0.87417734E+02  0.50000000E+00  0.53699699E+01  0.10739940E+02  0.60000000E+08     1
    50    45    40       10        2     0.87936535E+02  0.82571674E+02  0.50000000E+00  0.53648614E+01  0.10729723E+02  0.60000000E+08     1
    50    45    41       10        2     0.83084977E+02  0.77742553E+02  0.50000000E+00  0.53424237E+01  0.10684847E+02  0.60000000E+08     1
    50    45    42       10        2     0.78247740E+02  0.72938417E+02  0.50000000E+00  0.53093224E+01  0.10618645E+02  0.60000000E+08     1
    50    45    43       10        2     0.73431834E+02  0.68163863E+02  0.50000000E+00  0.52679710E+01  0.10535942E+02  0.60000000E+08     1
    50    45    44       10        2     0.68640312E+02  0.63420688E+02  0.50000000E+00  0.52196241E+01  0.10439248E+02  0.60000000E+08     1
    50    45    45       10        2     0.63872706E+02  0.58707157E+02  0.50000000E+00  0.51655482E+01  0.10331096E+02  0.60000000E+08     1
    50    45    46       10        2     0.59124202E+02  0.55386813E+02  0.50000000E+00  0.37373896E+01  0.74747792E+01  0.60000000E+08     1
    50    45    47        9        2     0.55768751E+02  0.53448281E+02  0.50000000E+00  0.23204699E+01  0.46409398E+01  0.60000000E+08     1
    50    45    48        9        2     0.53794094E+02  0.50878415E+02  0.50000000E+00  0.29156794E+01  0.58313589E+01  0.60000000E+08     1
    50    45    49        8        2     0.51167059E+02  0.47683527E+02  0.50000000E+00  0.34835325E+01  0.69670650E+01  0.60000000E+08     1
    50    45    50        8        2     0.47902388E+02  0.43794502E+02  0.50000000E+00  0.41078859E+01  0.82157717E+01  0.60000000E+08     1
    50    45    51        7        2     0.43940789E+02  0.39215953E+02  0.50000000E+00  0.47248358E+01  0.94496717E+01  0.60000000E+08     1
    50    45    52        7        2     0.39294430E+02  0.34663423E+02  0.50000000E+00  0.46310078E+01  0.92620155E+01  0.60000000E+08     1
    50    45    53        7        2     0.34690739E+02  0.30133358E+02  0.50000000E+00  0.45573812E+01  0.91147625E+01  0.60000000E+08     1
    50    45    54        7        2     0.30123814E+02  0.25616682E+02  0.50000000E+00  0.45071319E+01  0.90142637E+01  0.60000000E+08     1
    50    45    55        7        2     0.25587006E+02  0.21304517E+02  0.50000000E+00  0.42824890E+01  0.85649780E+01  0.60000000E+08     1
