% Shemat-Suite version: SHEMAT-Suite 9.0 (Freely)                                                       
% data fit at iteration                final
%    i     j     k     unit     type               calc             obs             err            diff             res            time  ozone
    32    15    21       12        2     0.15780059E+03  0.15145234E+03  0.50000000E+00  0.63482518E+01  0.12696504E+02  0.60000000E+08     1
    32    15    22       12        2     0.15403960E+03  0.14773580E+03  0.50000000E+00  0.63038025E+01  0.12607605E+02  0.60000000E+08     1
    32    15    23       12        2     0.15029565E+03  0.14403725E+03  0.50000000E+00  0.62583930E+01  0.12516786E+02  0.60000000E+08     1
    32    15    24       12        2     0.14656806E+03  0.14035619E+03  0.50000000E+00  0.62118783E+01  0.12423757E+02  0.60000000E+08     1
    32    15    25       12        2     0.14285611E+03  0.13669201E+03  0.50000000E+00  0.61641007E+01  0.12328201E+02  0.60000000E+08     1
    32    15    26       12        2     0.13915896E+03  0.13304408E+03  0.50000000E+00  0.61148726E+01  0.12229745E+02  0.60000000E+08     1
    32    15    27       12        2     0.13547564E+03  0.12941170E+03  0.50000000E+00  0.60639482E+01  0.12127896E+02  0.60000000E+08     1
    32    15    28       12        2     0.13180515E+03  0.12579415E+03  0.50000000E+00  0.60109985E+01  0.12021997E+02  0.60000000E+08     1
    32    15    29       12        2     0.12814637E+03  0.12219071E+03  0.50000000E+00  0.59556610E+01  0.11911322E+02  0.60000000E+08     1
    32    15    30       12        2     0.12449814E+03  0.11860055E+03  0.50000000E+00  0.58975819E+01  0.11795164E+02  0.60000000E+08     1
    32    15    31       12        2     0.12085908E+03  0.11502268E+03  0.50000000E+00  0.58364024E+01  0.11672805E+02  0.60000000E+08     1
    32    15    32       12        2     0.11722757E+03  0.11145585E+03  0.50000000E+00  0.57717191E+01  0.11543438E+02  0.60000000E+08     1
    32    15    33       12        2     0.11360156E+03  0.10789855E+03  0.50000000E+00  0.57030104E+01  0.11406021E+02  0.60000000E+08     1
    32    15    34       12        2     0.10997859E+03  0.10434913E+03  0.50000000E+00  0.56294566E+01  0.11258913E+02  0.60000000E+08     1
    32    15    35       12        2     0.10635579E+03  0.10080633E+03  0.50000000E+00  0.55494606E+01  0.11098921E+02  0.60000000E+08     1
    32    15    36       12        2     0.10273038E+03  0.97269028E+02  0.50000000E+00  0.54613506E+01  0.10922701E+02  0.60000000E+08     1
    32    15    37       12        2     0.99099338E+02  0.93735758E+02  0.50000000E+00  0.53635804E+01  0.10727161E+02  0.60000000E+08     1
    32    15    38       12        2     0.95458853E+02  0.90204327E+02  0.50000000E+00  0.52545262E+01  0.10509052E+02  0.60000000E+08     1
    32    15    39       12        2     0.91804252E+02  0.86671385E+02  0.50000000E+00  0.51328664E+01  0.10265733E+02  0.60000000E+08     1
    32    15    40       12        2     0.88130218E+02  0.83131509E+02  0.50000000E+00  0.49987090E+01  0.99974180E+01  0.60000000E+08     1
    32    15    41       12        2     0.84431030E+02  0.79575263E+02  0.50000000E+00  0.48557672E+01  0.97115345E+01  0.60000000E+08     1
    32    15    42       12        2     0.80705680E+02  0.75984904E+02  0.50000000E+00  0.47207759E+01  0.94415518E+01  0.60000000E+08     1
    32    15    43       12        2     0.76937801E+02  0.72324252E+02  0.50000000E+00  0.46135493E+01  0.92270987E+01  0.60000000E+08     1
    32    15    44       12        2     0.73062115E+02  0.68531442E+02  0.50000000E+00  0.45306730E+01  0.90613460E+01  0.60000000E+08     1
    32    15    45       12        2     0.69130080E+02  0.64669560E+02  0.50000000E+00  0.44605194E+01  0.89210388E+01  0.60000000E+08     1
    32    15    46       12        2     0.65206124E+02  0.60810325E+02  0.50000000E+00  0.43957993E+01  0.87915986E+01  0.60000000E+08     1
    32    15    47       12        2     0.61319094E+02  0.56994213E+02  0.50000000E+00  0.43248806E+01  0.86497612E+01  0.60000000E+08     1
    32    15    48       12        2     0.57487697E+02  0.53259247E+02  0.50000000E+00  0.42284495E+01  0.84568989E+01  0.60000000E+08     1
    32    15    49       12        2     0.53736768E+02  0.49667649E+02  0.50000000E+00  0.40691182E+01  0.81382364E+01  0.60000000E+08     1
    32    15    50       12        2     0.50116215E+02  0.46839711E+02  0.50000000E+00  0.32765036E+01  0.65530072E+01  0.60000000E+08     1
    32    15    51        9        2     0.47252638E+02  0.43918630E+02  0.50000000E+00  0.33340083E+01  0.66680167E+01  0.60000000E+08     1
    32    15    52        8        2     0.44240847E+02  0.40376437E+02  0.50000000E+00  0.38644093E+01  0.77288185E+01  0.60000000E+08     1
    32    15    53        8        2     0.40594925E+02  0.36129785E+02  0.50000000E+00  0.44651405E+01  0.89302810E+01  0.60000000E+08     1
    32    15    54        7        2     0.36263235E+02  0.31150589E+02  0.50000000E+00  0.51126463E+01  0.10225293E+02  0.60000000E+08     1
    32    15    55        7        2     0.31211009E+02  0.26234622E+02  0.50000000E+00  0.49763867E+01  0.99527734E+01  0.60000000E+08     1
    32    15    56        7        2     0.26254621E+02  0.21462407E+02  0.50000000E+00  0.47922144E+01  0.95844288E+01  0.60000000E+08     1
    32    15    57        7        2     0.21465102E+02  0.17040457E+02  0.50000000E+00  0.44246447E+01  0.88492893E+01  0.60000000E+08     1
    79    23    31       12        2     0.11680343E+03  0.11190129E+03  0.50000000E+00  0.49021366E+01  0.98042732E+01  0.60000000E+08     1
    79    23    32       12        2     0.11316920E+03  0.10831165E+03  0.50000000E+00  0.48575547E+01  0.97151094E+01  0.60000000E+08     1
    79    23    33       12        2     0.10955186E+03  0.10473877E+03  0.50000000E+00  0.48130918E+01  0.96261836E+01  0.60000000E+08     1
    79    23    34       12        2     0.10595110E+03  0.10118208E+03  0.50000000E+00  0.47690168E+01  0.95380337E+01  0.60000000E+08     1
    79    23    35       12        2     0.10236644E+03  0.97640698E+02  0.50000000E+00  0.47257403E+01  0.94514806E+01  0.60000000E+08     1
    79    23    36       12        2     0.98797147E+02  0.94113242E+02  0.50000000E+00  0.46839051E+01  0.93678103E+01  0.60000000E+08     1
    79    23    37       12        2     0.95242042E+02  0.90597498E+02  0.50000000E+00  0.46445441E+01  0.92890883E+01  0.60000000E+08     1
    79    23    38       12        2     0.91699141E+02  0.87089785E+02  0.50000000E+00  0.46093561E+01  0.92187121E+01  0.60000000E+08     1
    79    23    39       12        2     0.88164966E+02  0.83583770E+02  0.50000000E+00  0.45811959E+01  0.91623917E+01  0.60000000E+08     1
    79    23    40       12        2     0.84633190E+02  0.80068237E+02  0.50000000E+00  0.45649525E+01  0.91299051E+01  0.60000000E+08     1
    79    23    41       12        2     0.81091875E+02  0.76522745E+02  0.50000000E+00  0.45691301E+01  0.91382603E+01  0.60000000E+08     1
    79    23    42       12        2     0.77517839E+02  0.72909137E+02  0.50000000E+00  0.46087021E+01  0.92174042E+01  0.60000000E+08     1
    79    23    43       12        2     0.73864982E+02  0.68506751E+02  0.50000000E+00  0.53582315E+01  0.10716463E+02  0.60000000E+08     1
    79    23    44        6        2     0.69380119E+02  0.64742587E+02  0.50000000E+00  0.46375318E+01  0.92750635E+01  0.60000000E+08     1
    79    23    45        9        2     0.65473363E+02  0.61703930E+02  0.50000000E+00  0.37694331E+01  0.75388662E+01  0.60000000E+08     1
    79    23    46        8        2     0.62256983E+02  0.57964762E+02  0.50000000E+00  0.42922205E+01  0.85844410E+01  0.60000000E+08     1
    79    23    47        8        2     0.58339482E+02  0.53428196E+02  0.50000000E+00  0.49112861E+01  0.98225722E+01  0.60000000E+08     1
    79    23    48        7        2     0.53705419E+02  0.48175945E+02  0.50000000E+00  0.55294740E+01  0.11058948E+02  0.60000000E+08     1
    79    23    49        7        2     0.48382850E+02  0.42972006E+02  0.50000000E+00  0.54108439E+01  0.10821688E+02  0.60000000E+08     1
    79    23    50        7        2     0.43127162E+02  0.37780273E+02  0.50000000E+00  0.53468894E+01  0.10693779E+02  0.60000000E+08     1
    79    23    51        7        2     0.37897248E+02  0.32571487E+02  0.50000000E+00  0.53257611E+01  0.10651522E+02  0.60000000E+08     1
    79    23    52        7        2     0.32673277E+02  0.27557691E+02  0.50000000E+00  0.51155865E+01  0.10231173E+02  0.60000000E+08     1
    79    23    53        6        2     0.27645610E+02  0.22740615E+02  0.50000000E+00  0.49049956E+01  0.98099912E+01  0.60000000E+08     1
    79    23    54        6        2     0.22799021E+02  0.17889341E+02  0.50000000E+00  0.49096799E+01  0.98193597E+01  0.60000000E+08     1
    54    35    18       11        2     0.17146565E+03  0.16379233E+03  0.50000000E+00  0.76733173E+01  0.15346635E+02  0.60000000E+08     1
    54    35    19       11        2     0.16765035E+03  0.16005174E+03  0.50000000E+00  0.75986105E+01  0.15197221E+02  0.60000000E+08     1
    54    35    20       11        2     0.16386524E+03  0.15630407E+03  0.50000000E+00  0.75611692E+01  0.15122338E+02  0.60000000E+08     1
    54    35    21       11        2     0.16010537E+03  0.15255215E+03  0.50000000E+00  0.75532201E+01  0.15106440E+02  0.60000000E+08     1
    54    35    22       11        2     0.15637192E+03  0.14882833E+03  0.50000000E+00  0.75435910E+01  0.15087182E+02  0.60000000E+08     1
    54    35    23       11        2     0.15266526E+03  0.14512802E+03  0.50000000E+00  0.75372400E+01  0.15074480E+02  0.60000000E+08     1
    54    35    24       11        2     0.14898595E+03  0.14145250E+03  0.50000000E+00  0.75334509E+01  0.15066902E+02  0.60000000E+08     1
    54    35    25       11        2     0.14533465E+03  0.13780218E+03  0.50000000E+00  0.75324764E+01  0.15064953E+02  0.60000000E+08     1
    54    35    26       11        2     0.14171224E+03  0.13417776E+03  0.50000000E+00  0.75344800E+01  0.15068960E+02  0.60000000E+08     1
    54    35    27       11        2     0.13811981E+03  0.13058006E+03  0.50000000E+00  0.75397516E+01  0.15079503E+02  0.60000000E+08     1
    54    35    28       11        2     0.13455887E+03  0.12701003E+03  0.50000000E+00  0.75488396E+01  0.15097679E+02  0.60000000E+08     1
    54    35    29       11        2     0.13103159E+03  0.12346885E+03  0.50000000E+00  0.75627337E+01  0.15125467E+02  0.60000000E+08     1
    54    35    30       11        2     0.12754128E+03  0.11995803E+03  0.50000000E+00  0.75832465E+01  0.15166493E+02  0.60000000E+08     1
    54    35    31       11        2     0.12409343E+03  0.11647959E+03  0.50000000E+00  0.76138387E+01  0.15227677E+02  0.60000000E+08     1
    54    35    32       11        2     0.12069769E+03  0.11303626E+03  0.50000000E+00  0.76614333E+01  0.15322867E+02  0.60000000E+08     1
    54    35    33       11        2     0.11737214E+03  0.10963170E+03  0.50000000E+00  0.77404430E+01  0.15480886E+02  0.60000000E+08     1
    54    35    34       10        2     0.11329981E+03  0.10627044E+03  0.50000000E+00  0.70293718E+01  0.14058744E+02  0.60000000E+08     1
    54    35    35       10        2     0.10841269E+03  0.10295704E+03  0.50000000E+00  0.54556553E+01  0.10911311E+02  0.60000000E+08     1
    54    35    36       10        2     0.10345941E+03  0.98804323E+02  0.50000000E+00  0.46550835E+01  0.93101671E+01  0.60000000E+08     1
    54    35    37       10        2     0.98481628E+02  0.93801123E+02  0.50000000E+00  0.46805048E+01  0.93610095E+01  0.60000000E+08     1
    54    35    38       10        2     0.93500394E+02  0.88818554E+02  0.50000000E+00  0.46818400E+01  0.93636800E+01  0.60000000E+08     1
    54    35    39       10        2     0.88527761E+02  0.83852054E+02  0.50000000E+00  0.46757064E+01  0.93514128E+01  0.60000000E+08     1
    54    35    40       10        2     0.83571676E+02  0.78904814E+02  0.50000000E+00  0.46668623E+01  0.93337246E+01  0.60000000E+08     1
    54    35    41       10        2     0.78638767E+02  0.73984686E+02  0.50000000E+00  0.46540809E+01  0.93081618E+01  0.60000000E+08     1
    54    35    42       10        2     0.73736718E+02  0.69104925E+02  0.50000000E+00  0.46317929E+01  0.92635857E+01  0.60000000E+08     1
    54    35    43       10        2     0.68877398E+02  0.64288775E+02  0.50000000E+00  0.45886222E+01  0.91772444E+01  0.60000000E+08     1
    54    35    44       10        2     0.64082417E+02  0.59580391E+02  0.50000000E+00  0.45020264E+01  0.90040527E+01  0.60000000E+08     1
    54    35    45       10        2     0.59394379E+02  0.55068754E+02  0.50000000E+00  0.43256252E+01  0.86512503E+01  0.60000000E+08     1
    54    35    46       10        2     0.54900866E+02  0.51962377E+02  0.50000000E+00  0.29384896E+01  0.58769791E+01  0.60000000E+08     1
    54    35    47        9        2     0.51806820E+02  0.50067965E+02  0.50000000E+00  0.17388556E+01  0.34777112E+01  0.60000000E+08     1
    54    35    48        9        2     0.49918528E+02  0.47497134E+02  0.50000000E+00  0.24213944E+01  0.48427888E+01  0.60000000E+08     1
    54    35    49        8        2     0.47354623E+02  0.44277886E+02  0.50000000E+00  0.30767371E+01  0.61534742E+01  0.60000000E+08     1
    54    35    50        8        2     0.44144451E+02  0.40344676E+02  0.50000000E+00  0.37997757E+01  0.75995513E+01  0.60000000E+08     1
    54    35    51        7        2     0.40224870E+02  0.35710074E+02  0.50000000E+00  0.45147957E+01  0.90295914E+01  0.60000000E+08     1
    54    35    52        7        2     0.35607174E+02  0.31108668E+02  0.50000000E+00  0.44985066E+01  0.89970133E+01  0.60000000E+08     1
    54    35    53        7        2     0.31022405E+02  0.26543506E+02  0.50000000E+00  0.44788990E+01  0.89577980E+01  0.60000000E+08     1
    54    35    54        7        2     0.26475837E+02  0.22014892E+02  0.50000000E+00  0.44609449E+01  0.89218899E+01  0.60000000E+08     1
    54    35    55        7        2     0.21969977E+02  0.17520305E+02  0.50000000E+00  0.44496727E+01  0.88993454E+01  0.60000000E+08     1
    50    45    27       11        2     0.14052129E+03  0.13259854E+03  0.50000000E+00  0.79227470E+01  0.15845494E+02  0.60000000E+08     1
    50    45    28       11        2     0.13704357E+03  0.12910242E+03  0.50000000E+00  0.79411540E+01  0.15882308E+02  0.60000000E+08     1
    50    45    29       11        2     0.13359981E+03  0.12563626E+03  0.50000000E+00  0.79635519E+01  0.15927104E+02  0.60000000E+08     1
    50    45    30       11        2     0.13019225E+03  0.12220110E+03  0.50000000E+00  0.79911464E+01  0.15982293E+02  0.60000000E+08     1
    50    45    31       11        2     0.12682446E+03  0.11879860E+03  0.50000000E+00  0.80258522E+01  0.16051704E+02  0.60000000E+08     1
    50    45    32       11        2     0.12350181E+03  0.11543170E+03  0.50000000E+00  0.80701074E+01  0.16140215E+02  0.60000000E+08     1
    50    45    33       11        2     0.12023086E+03  0.11210601E+03  0.50000000E+00  0.81248467E+01  0.16249693E+02  0.60000000E+08     1
    50    45    34       10        2     0.11616692E+03  0.10883341E+03  0.50000000E+00  0.73335123E+01  0.14667025E+02  0.60000000E+08     1
    50    45    35       10        2     0.11128097E+03  0.10564108E+03  0.50000000E+00  0.56398943E+01  0.11279789E+02  0.60000000E+08     1
    50    45    36       10        2     0.10639120E+03  0.10177092E+03  0.50000000E+00  0.46202775E+01  0.92405551E+01  0.60000000E+08     1
    50    45    37       10        2     0.10150144E+03  0.97079256E+02  0.50000000E+00  0.44221812E+01  0.88443624E+01  0.60000000E+08     1
    50    45    38       10        2     0.96620363E+02  0.92265274E+02  0.50000000E+00  0.43550881E+01  0.87101763E+01  0.60000000E+08     1
    50    45    39       10        2     0.91755024E+02  0.87417734E+02  0.50000000E+00  0.43372902E+01  0.86745805E+01  0.60000000E+08     1
    50    45    40       10        2     0.86910441E+02  0.82571674E+02  0.50000000E+00  0.43387669E+01  0.86775337E+01  0.60000000E+08     1
    50    45    41       10        2     0.82090258E+02  0.77742553E+02  0.50000000E+00  0.43477047E+01  0.86954094E+01  0.60000000E+08     1
    50    45    42       10        2     0.77297229E+02  0.72938417E+02  0.50000000E+00  0.43588113E+01  0.87176226E+01  0.60000000E+08     1
    50    45    43       10        2     0.72533251E+02  0.68163863E+02  0.50000000E+00  0.43693883E+01  0.87387766E+01  0.60000000E+08     1
    50    45    44       10        2     0.67798860E+02  0.63420688E+02  0.50000000E+00  0.43781719E+01  0.87563438E+01  0.60000000E+08     1
    50    45    45       10        2     0.63092142E+02  0.58707157E+02  0.50000000E+00  0.43849844E+01  0.87699688E+01  0.60000000E+08     1
    50    45    46       10        2     0.58407351E+02  0.55386813E+02  0.50000000E+00  0.30205385E+01  0.60410770E+01  0.60000000E+08     1
    50    45    47        9        2     0.55099389E+02  0.53448281E+02  0.50000000E+00  0.16511081E+01  0.33022162E+01  0.60000000E+08     1
    50    45    48        9        2     0.53155646E+02  0.50878415E+02  0.50000000E+00  0.22772310E+01  0.45544619E+01  0.60000000E+08     1
    50    45    49        8        2     0.50570964E+02  0.47683527E+02  0.50000000E+00  0.28874376E+01  0.57748752E+01  0.60000000E+08     1
    50    45    50        8        2     0.47359595E+02  0.43794502E+02  0.50000000E+00  0.35650935E+01  0.71301869E+01  0.60000000E+08     1
    50    45    51        7        2     0.43462961E+02  0.39215953E+02  0.50000000E+00  0.42470080E+01  0.84940161E+01  0.60000000E+08     1
    50    45    52        7        2     0.38892840E+02  0.34663423E+02  0.50000000E+00  0.42294174E+01  0.84588347E+01  0.60000000E+08     1
    50    45    53        7        2     0.34365089E+02  0.30133358E+02  0.50000000E+00  0.42317309E+01  0.84634619E+01  0.60000000E+08     1
    50    45    54        7        2     0.29873730E+02  0.25616682E+02  0.50000000E+00  0.42570478E+01  0.85140956E+01  0.60000000E+08     1
    50    45    55        7        2     0.25412060E+02  0.21304517E+02  0.50000000E+00  0.41075434E+01  0.82150868E+01  0.60000000E+08     1
