% Shemat-Suite version: SHEMAT-Suite 9.0 (Freely)                                                       
% data fit at iteration                final
%    i     j     k     unit     type               calc             obs             err            diff             res            time  ozone
    32    15    21       12        2     0.15725710E+03  0.15145234E+03  0.50000000E+00  0.58047587E+01  0.11609517E+02  0.60000000E+08     1
    32    15    22       12        2     0.15350565E+03  0.14773580E+03  0.50000000E+00  0.57698476E+01  0.11539695E+02  0.60000000E+08     1
    32    15    23       12        2     0.14977202E+03  0.14403725E+03  0.50000000E+00  0.57347628E+01  0.11469526E+02  0.60000000E+08     1
    32    15    24       12        2     0.14605563E+03  0.14035619E+03  0.50000000E+00  0.56994458E+01  0.11398892E+02  0.60000000E+08     1
    32    15    25       12        2     0.14235584E+03  0.13669201E+03  0.50000000E+00  0.56638305E+01  0.11327661E+02  0.60000000E+08     1
    32    15    26       12        2     0.13867191E+03  0.13304408E+03  0.50000000E+00  0.56278256E+01  0.11255651E+02  0.60000000E+08     1
    32    15    27       12        2     0.13500298E+03  0.12941170E+03  0.50000000E+00  0.55912839E+01  0.11182568E+02  0.60000000E+08     1
    32    15    28       12        2     0.13134812E+03  0.12579415E+03  0.50000000E+00  0.55539745E+01  0.11107949E+02  0.60000000E+08     1
    32    15    29       12        2     0.12770634E+03  0.12219071E+03  0.50000000E+00  0.55156296E+01  0.11031259E+02  0.60000000E+08     1
    32    15    30       12        2     0.12407654E+03  0.11860055E+03  0.50000000E+00  0.54759840E+01  0.10951968E+02  0.60000000E+08     1
    32    15    31       12        2     0.12045744E+03  0.11502268E+03  0.50000000E+00  0.54347576E+01  0.10869515E+02  0.60000000E+08     1
    32    15    32       12        2     0.11684746E+03  0.11145585E+03  0.50000000E+00  0.53916136E+01  0.10783227E+02  0.60000000E+08     1
    32    15    33       12        2     0.11324463E+03  0.10789855E+03  0.50000000E+00  0.53460801E+01  0.10692160E+02  0.60000000E+08     1
    32    15    34       12        2     0.10964650E+03  0.10434913E+03  0.50000000E+00  0.52973677E+01  0.10594735E+02  0.60000000E+08     1
    32    15    35       12        2     0.10605021E+03  0.10080633E+03  0.50000000E+00  0.52438805E+01  0.10487761E+02  0.60000000E+08     1
    32    15    36       12        2     0.10245292E+03  0.97269028E+02  0.50000000E+00  0.51838872E+01  0.10367774E+02  0.60000000E+08     1
    32    15    37       12        2     0.98851420E+02  0.93735758E+02  0.50000000E+00  0.51156621E+01  0.10231324E+02  0.60000000E+08     1
    32    15    38       12        2     0.95241439E+02  0.90204327E+02  0.50000000E+00  0.50371123E+01  0.10074225E+02  0.60000000E+08     1
    32    15    39       12        2     0.91617237E+02  0.86671385E+02  0.50000000E+00  0.49458519E+01  0.98917038E+01  0.60000000E+08     1
    32    15    40       12        2     0.87971635E+02  0.83131509E+02  0.50000000E+00  0.48401258E+01  0.96802516E+01  0.60000000E+08     1
    32    15    41       12        2     0.84297552E+02  0.79575263E+02  0.50000000E+00  0.47222889E+01  0.94445779E+01  0.60000000E+08     1
    32    15    42       12        2     0.80593650E+02  0.75984904E+02  0.50000000E+00  0.46087461E+01  0.92174921E+01  0.60000000E+08     1
    32    15    43       12        2     0.76843627E+02  0.72324252E+02  0.50000000E+00  0.45193755E+01  0.90387510E+01  0.60000000E+08     1
    32    15    44       12        2     0.72982584E+02  0.68531442E+02  0.50000000E+00  0.44511418E+01  0.89022836E+01  0.60000000E+08     1
    32    15    45       12        2     0.69063375E+02  0.64669560E+02  0.50000000E+00  0.43938145E+01  0.87876290E+01  0.60000000E+08     1
    32    15    46       12        2     0.65150457E+02  0.60810325E+02  0.50000000E+00  0.43401326E+01  0.86802652E+01  0.60000000E+08     1
    32    15    47       12        2     0.61272932E+02  0.56994213E+02  0.50000000E+00  0.42787194E+01  0.85574388E+01  0.60000000E+08     1
    32    15    48       12        2     0.57449830E+02  0.53259247E+02  0.50000000E+00  0.41905825E+01  0.83811649E+01  0.60000000E+08     1
    32    15    49       12        2     0.53706306E+02  0.49667649E+02  0.50000000E+00  0.40386562E+01  0.80773125E+01  0.60000000E+08     1
    32    15    50       12        2     0.50092565E+02  0.46839711E+02  0.50000000E+00  0.32528537E+01  0.65057074E+01  0.60000000E+08     1
    32    15    51        9        2     0.47233221E+02  0.43918630E+02  0.50000000E+00  0.33145911E+01  0.66291823E+01  0.60000000E+08     1
    32    15    52        8        2     0.44224409E+02  0.40376437E+02  0.50000000E+00  0.38479713E+01  0.76959427E+01  0.60000000E+08     1
    32    15    53        8        2     0.40581181E+02  0.36129785E+02  0.50000000E+00  0.44513961E+01  0.89027922E+01  0.60000000E+08     1
    32    15    54        7        2     0.36252143E+02  0.31150589E+02  0.50000000E+00  0.51015534E+01  0.10203107E+02  0.60000000E+08     1
    32    15    55        7        2     0.31202672E+02  0.26234622E+02  0.50000000E+00  0.49680500E+01  0.99361000E+01  0.60000000E+08     1
    32    15    56        7        2     0.26248801E+02  0.21462407E+02  0.50000000E+00  0.47863944E+01  0.95727888E+01  0.60000000E+08     1
    32    15    57        7        2     0.21461667E+02  0.17040457E+02  0.50000000E+00  0.44212096E+01  0.88424192E+01  0.60000000E+08     1
    79    23    31       12        2     0.11663150E+03  0.11190129E+03  0.50000000E+00  0.47302046E+01  0.94604091E+01  0.60000000E+08     1
    79    23    32       12        2     0.11300334E+03  0.10831165E+03  0.50000000E+00  0.46916891E+01  0.93833782E+01  0.60000000E+08     1
    79    23    33       12        2     0.10939211E+03  0.10473877E+03  0.50000000E+00  0.46533330E+01  0.93066659E+01  0.60000000E+08     1
    79    23    34       12        2     0.10579748E+03  0.10118208E+03  0.50000000E+00  0.46153960E+01  0.92307921E+01  0.60000000E+08     1
    79    23    35       12        2     0.10221898E+03  0.97640698E+02  0.50000000E+00  0.45782800E+01  0.91565600E+01  0.60000000E+08     1
    79    23    36       12        2     0.98655861E+02  0.94113242E+02  0.50000000E+00  0.45426194E+01  0.90852388E+01  0.60000000E+08     1
    79    23    37       12        2     0.95106938E+02  0.90597498E+02  0.50000000E+00  0.45094393E+01  0.90188787E+01  0.60000000E+08     1
    79    23    38       12        2     0.91570217E+02  0.87089785E+02  0.50000000E+00  0.44804321E+01  0.89608643E+01  0.60000000E+08     1
    79    23    39       12        2     0.88042219E+02  0.83583770E+02  0.50000000E+00  0.44584485E+01  0.89168969E+01  0.60000000E+08     1
    79    23    40       12        2     0.84516614E+02  0.80068237E+02  0.50000000E+00  0.44483770E+01  0.88967540E+01  0.60000000E+08     1
    79    23    41       12        2     0.80981474E+02  0.76522745E+02  0.50000000E+00  0.44587289E+01  0.89174577E+01  0.60000000E+08     1
    79    23    42       12        2     0.77413636E+02  0.72909137E+02  0.50000000E+00  0.45044990E+01  0.90089980E+01  0.60000000E+08     1
    79    23    43       12        2     0.73767052E+02  0.68506751E+02  0.50000000E+00  0.52603009E+01  0.10520602E+02  0.60000000E+08     1
    79    23    44        6        2     0.69289828E+02  0.64742587E+02  0.50000000E+00  0.45472405E+01  0.90944810E+01  0.60000000E+08     1
    79    23    45        9        2     0.65389680E+02  0.61703930E+02  0.50000000E+00  0.36857494E+01  0.73714987E+01  0.60000000E+08     1
    79    23    46        8        2     0.62178910E+02  0.57964762E+02  0.50000000E+00  0.42141473E+01  0.84282947E+01  0.60000000E+08     1
    79    23    47        8        2     0.58268101E+02  0.53428196E+02  0.50000000E+00  0.48399049E+01  0.96798098E+01  0.60000000E+08     1
    79    23    48        7        2     0.53641896E+02  0.48175945E+02  0.50000000E+00  0.54659511E+01  0.10931902E+02  0.60000000E+08     1
    79    23    49        7        2     0.48328232E+02  0.42972006E+02  0.50000000E+00  0.53562251E+01  0.10712450E+02  0.60000000E+08     1
    79    23    50        7        2     0.43081292E+02  0.37780273E+02  0.50000000E+00  0.53010190E+01  0.10602038E+02  0.60000000E+08     1
    79    23    51        7        2     0.37860036E+02  0.32571487E+02  0.50000000E+00  0.52885488E+01  0.10577098E+02  0.60000000E+08     1
    79    23    52        7        2     0.32644663E+02  0.27557691E+02  0.50000000E+00  0.50869722E+01  0.10173944E+02  0.60000000E+08     1
    79    23    53        6        2     0.27625214E+02  0.22740615E+02  0.50000000E+00  0.48845992E+01  0.97691984E+01  0.60000000E+08     1
    79    23    54        6        2     0.22786486E+02  0.17889341E+02  0.50000000E+00  0.48971447E+01  0.97942894E+01  0.60000000E+08     1
    54    35    18       12        2     0.17068167E+03  0.16379233E+03  0.50000000E+00  0.68893338E+01  0.13778668E+02  0.60000000E+08     1
    54    35    19       11        2     0.16688857E+03  0.16005174E+03  0.50000000E+00  0.68368311E+01  0.13673662E+02  0.60000000E+08     1
    54    35    20       11        2     0.16309348E+03  0.15630407E+03  0.50000000E+00  0.67894043E+01  0.13578809E+02  0.60000000E+08     1
    54    35    21       11        2     0.15932833E+03  0.15255215E+03  0.50000000E+00  0.67761892E+01  0.13552378E+02  0.60000000E+08     1
    54    35    22       11        2     0.15558812E+03  0.14882833E+03  0.50000000E+00  0.67597920E+01  0.13519584E+02  0.60000000E+08     1
    54    35    23       11        2     0.15187412E+03  0.14512802E+03  0.50000000E+00  0.67461032E+01  0.13492206E+02  0.60000000E+08     1
    54    35    24       11        2     0.14818684E+03  0.14145250E+03  0.50000000E+00  0.67343402E+01  0.13468680E+02  0.60000000E+08     1
    54    35    25       11        2     0.14452705E+03  0.13780218E+03  0.50000000E+00  0.67248747E+01  0.13449749E+02  0.60000000E+08     1
    54    35    26       11        2     0.14089567E+03  0.13417776E+03  0.50000000E+00  0.67179100E+01  0.13435820E+02  0.60000000E+08     1
    54    35    27       11        2     0.13729363E+03  0.13058006E+03  0.50000000E+00  0.67135692E+01  0.13427138E+02  0.60000000E+08     1
    54    35    28       11        2     0.13372189E+03  0.12701003E+03  0.50000000E+00  0.67118583E+01  0.13423717E+02  0.60000000E+08     1
    54    35    29       11        2     0.13018135E+03  0.12346885E+03  0.50000000E+00  0.67124997E+01  0.13424999E+02  0.60000000E+08     1
    54    35    30       11        2     0.12667258E+03  0.11995803E+03  0.50000000E+00  0.67145466E+01  0.13429093E+02  0.60000000E+08     1
    54    35    31       11        2     0.12319509E+03  0.11647959E+03  0.50000000E+00  0.67154987E+01  0.13430997E+02  0.60000000E+08     1
    54    35    32       11        2     0.11974547E+03  0.11303626E+03  0.50000000E+00  0.67092113E+01  0.13418423E+02  0.60000000E+08     1
    54    35    33       11        2     0.11631242E+03  0.10963170E+03  0.50000000E+00  0.66807264E+01  0.13361453E+02  0.60000000E+08     1
    54    35    34       11        2     0.11286334E+03  0.10627044E+03  0.50000000E+00  0.65928991E+01  0.13185798E+02  0.60000000E+08     1
    54    35    35       10        2     0.10859137E+03  0.10295704E+03  0.50000000E+00  0.56343322E+01  0.11268664E+02  0.60000000E+08     1
    54    35    36       10        2     0.10353578E+03  0.98804323E+02  0.50000000E+00  0.47314622E+01  0.94629244E+01  0.60000000E+08     1
    54    35    37       10        2     0.98534025E+02  0.93801123E+02  0.50000000E+00  0.47329020E+01  0.94658039E+01  0.60000000E+08     1
    54    35    38       10        2     0.93560192E+02  0.88818554E+02  0.50000000E+00  0.47416381E+01  0.94832761E+01  0.60000000E+08     1
    54    35    39       10        2     0.88605184E+02  0.83852054E+02  0.50000000E+00  0.47531295E+01  0.95062591E+01  0.60000000E+08     1
    54    35    40       10        2     0.83667477E+02  0.78904814E+02  0.50000000E+00  0.47626640E+01  0.95253279E+01  0.60000000E+08     1
    54    35    41       10        2     0.78749770E+02  0.73984686E+02  0.50000000E+00  0.47650840E+01  0.95301680E+01  0.60000000E+08     1
    54    35    42       10        2     0.73858489E+02  0.69104925E+02  0.50000000E+00  0.47535641E+01  0.95071282E+01  0.60000000E+08     1
    54    35    43       10        2     0.69005528E+02  0.64288775E+02  0.50000000E+00  0.47167527E+01  0.94335053E+01  0.60000000E+08     1
    54    35    44       10        2     0.64213113E+02  0.59580391E+02  0.50000000E+00  0.46327221E+01  0.92654443E+01  0.60000000E+08     1
    54    35    45       10        2     0.59524712E+02  0.55068754E+02  0.50000000E+00  0.44559588E+01  0.89119177E+01  0.60000000E+08     1
    54    35    46       10        2     0.55028869E+02  0.51962377E+02  0.50000000E+00  0.30664918E+01  0.61329836E+01  0.60000000E+08     1
    54    35    47        9        2     0.51929840E+02  0.50067965E+02  0.50000000E+00  0.18618752E+01  0.37237503E+01  0.60000000E+08     1
    54    35    48        9        2     0.50036949E+02  0.47497134E+02  0.50000000E+00  0.25398153E+01  0.50796305E+01  0.60000000E+08     1
    54    35    49        8        2     0.47465516E+02  0.44277886E+02  0.50000000E+00  0.31876301E+01  0.63752602E+01  0.60000000E+08     1
    54    35    50        8        2     0.44245187E+02  0.40344676E+02  0.50000000E+00  0.39005116E+01  0.78010231E+01  0.60000000E+08     1
    54    35    51        7        2     0.40312578E+02  0.35710074E+02  0.50000000E+00  0.46025039E+01  0.92050079E+01  0.60000000E+08     1
    54    35    52        7        2     0.35679190E+02  0.31108668E+02  0.50000000E+00  0.45705220E+01  0.91410441E+01  0.60000000E+08     1
    54    35    53        7        2     0.31078557E+02  0.26543506E+02  0.50000000E+00  0.45350509E+01  0.90701019E+01  0.60000000E+08     1
    54    35    54        7        2     0.26516098E+02  0.22014892E+02  0.50000000E+00  0.45012061E+01  0.90024123E+01  0.60000000E+08     1
    54    35    55        7        2     0.21994425E+02  0.17520305E+02  0.50000000E+00  0.44741200E+01  0.89482399E+01  0.60000000E+08     1
    50    45    27       11        2     0.13985841E+03  0.13259854E+03  0.50000000E+00  0.72598720E+01  0.14519744E+02  0.60000000E+08     1
    50    45    28       11        2     0.13637751E+03  0.12910242E+03  0.50000000E+00  0.72750904E+01  0.14550181E+02  0.60000000E+08     1
    50    45    29       11        2     0.13292733E+03  0.12563626E+03  0.50000000E+00  0.72910714E+01  0.14582143E+02  0.60000000E+08     1
    50    45    30       11        2     0.12950645E+03  0.12220110E+03  0.50000000E+00  0.73053488E+01  0.14610698E+02  0.60000000E+08     1
    50    45    31       11        2     0.12611076E+03  0.11879860E+03  0.50000000E+00  0.73121582E+01  0.14624316E+02  0.60000000E+08     1
    50    45    32       11        2     0.12272951E+03  0.11543170E+03  0.50000000E+00  0.72978096E+01  0.14595619E+02  0.60000000E+08     1
    50    45    33       11        2     0.11933510E+03  0.11210601E+03  0.50000000E+00  0.72290934E+01  0.14458187E+02  0.60000000E+08     1
    50    45    34       11        2     0.11585704E+03  0.10883341E+03  0.50000000E+00  0.70236280E+01  0.14047256E+02  0.60000000E+08     1
    50    45    35       10        2     0.11153035E+03  0.10564108E+03  0.50000000E+00  0.58892682E+01  0.11778536E+02  0.60000000E+08     1
    50    45    36       10        2     0.10648253E+03  0.10177092E+03  0.50000000E+00  0.47116088E+01  0.94232176E+01  0.60000000E+08     1
    50    45    37       10        2     0.10152469E+03  0.97079256E+02  0.50000000E+00  0.44454290E+01  0.88908580E+01  0.60000000E+08     1
    50    45    38       10        2     0.96616938E+02  0.92265274E+02  0.50000000E+00  0.43516639E+01  0.87033279E+01  0.60000000E+08     1
    50    45    39       10        2     0.91743708E+02  0.87417734E+02  0.50000000E+00  0.43259743E+01  0.86519487E+01  0.60000000E+08     1
    50    45    40       10        2     0.86899473E+02  0.82571674E+02  0.50000000E+00  0.43277989E+01  0.86555977E+01  0.60000000E+08     1
    50    45    41       10        2     0.82082974E+02  0.77742553E+02  0.50000000E+00  0.43404214E+01  0.86808428E+01  0.60000000E+08     1
    50    45    42       10        2     0.77294696E+02  0.72938417E+02  0.50000000E+00  0.43562787E+01  0.87125573E+01  0.60000000E+08     1
    50    45    43       10        2     0.72535496E+02  0.68163863E+02  0.50000000E+00  0.43716331E+01  0.87432663E+01  0.60000000E+08     1
    50    45    44       10        2     0.67805447E+02  0.63420688E+02  0.50000000E+00  0.43847588E+01  0.87695175E+01  0.60000000E+08     1
    50    45    45       10        2     0.63102444E+02  0.58707157E+02  0.50000000E+00  0.43952868E+01  0.87905737E+01  0.60000000E+08     1
    50    45    46       10        2     0.58420682E+02  0.55386813E+02  0.50000000E+00  0.30338695E+01  0.60677391E+01  0.60000000E+08     1
    50    45    47        9        2     0.55114373E+02  0.53448281E+02  0.50000000E+00  0.16660923E+01  0.33321846E+01  0.60000000E+08     1
    50    45    48        9        2     0.53170987E+02  0.50878415E+02  0.50000000E+00  0.22925723E+01  0.45851447E+01  0.60000000E+08     1
    50    45    49        8        2     0.50586174E+02  0.47683527E+02  0.50000000E+00  0.29026472E+01  0.58052944E+01  0.60000000E+08     1
    50    45    50        8        2     0.47374209E+02  0.43794502E+02  0.50000000E+00  0.35797067E+01  0.71594135E+01  0.60000000E+08     1
    50    45    51        7        2     0.43476432E+02  0.39215953E+02  0.50000000E+00  0.42604788E+01  0.85209576E+01  0.60000000E+08     1
    50    45    52        7        2     0.38904661E+02  0.34663423E+02  0.50000000E+00  0.42412386E+01  0.84824773E+01  0.60000000E+08     1
    50    45    53        7        2     0.34375005E+02  0.30133358E+02  0.50000000E+00  0.42416471E+01  0.84832941E+01  0.60000000E+08     1
    50    45    54        7        2     0.29881543E+02  0.25616682E+02  0.50000000E+00  0.42648616E+01  0.85297233E+01  0.60000000E+08     1
    50    45    55        7        2     0.25417631E+02  0.21304517E+02  0.50000000E+00  0.41131146E+01  0.82262291E+01  0.60000000E+08     1
