% Shemat-Suite version: SHEMAT-Suite 9.0 (Freely)                                                       
% data fit at iteration                final
%    i     j     k     unit     type               calc             obs             err            diff             res            time  ozone
    32    15    21       12        2     0.15575366E+03  0.15145234E+03  0.50000000E+00  0.43013254E+01  0.86026508E+01  0.60000000E+08     1
    32    15    22       12        2     0.15201627E+03  0.14773580E+03  0.50000000E+00  0.42804704E+01  0.85609407E+01  0.60000000E+08     1
    32    15    23       12        2     0.14829736E+03  0.14403725E+03  0.50000000E+00  0.42601100E+01  0.85202199E+01  0.60000000E+08     1
    32    15    24       12        2     0.14459648E+03  0.14035619E+03  0.50000000E+00  0.42402941E+01  0.84805882E+01  0.60000000E+08     1
    32    15    25       12        2     0.14091310E+03  0.13669201E+03  0.50000000E+00  0.42210870E+01  0.84421740E+01  0.60000000E+08     1
    32    15    26       12        2     0.13724664E+03  0.13304408E+03  0.50000000E+00  0.42025548E+01  0.84051096E+01  0.60000000E+08     1
    32    15    27       12        2     0.13359644E+03  0.12941170E+03  0.50000000E+00  0.41847419E+01  0.83694838E+01  0.60000000E+08     1
    32    15    28       12        2     0.12996180E+03  0.12579415E+03  0.50000000E+00  0.41676517E+01  0.83353034E+01  0.60000000E+08     1
    32    15    29       12        2     0.12634201E+03  0.12219071E+03  0.50000000E+00  0.41513061E+01  0.83026122E+01  0.60000000E+08     1
    32    15    30       12        2     0.12273636E+03  0.11860055E+03  0.50000000E+00  0.41358042E+01  0.82716084E+01  0.60000000E+08     1
    32    15    31       12        2     0.11914401E+03  0.11502268E+03  0.50000000E+00  0.41213277E+01  0.82426554E+01  0.60000000E+08     1
    32    15    32       12        2     0.11556398E+03  0.11145585E+03  0.50000000E+00  0.41081273E+01  0.82162546E+01  0.60000000E+08     1
    32    15    33       12        2     0.11199504E+03  0.10789855E+03  0.50000000E+00  0.40964842E+01  0.81929684E+01  0.60000000E+08     1
    32    15    34       12        2     0.10843571E+03  0.10434913E+03  0.50000000E+00  0.40865797E+01  0.81731594E+01  0.60000000E+08     1
    32    15    35       12        2     0.10488440E+03  0.10080633E+03  0.50000000E+00  0.40780768E+01  0.81561536E+01  0.60000000E+08     1
    32    15    36       12        2     0.10133991E+03  0.97269028E+02  0.50000000E+00  0.40708837E+01  0.81417675E+01  0.60000000E+08     1
    32    15    37       12        2     0.97801265E+02  0.93735758E+02  0.50000000E+00  0.40655075E+01  0.81310149E+01  0.60000000E+08     1
    32    15    38       12        2     0.94267172E+02  0.90204327E+02  0.50000000E+00  0.40628457E+01  0.81256915E+01  0.60000000E+08     1
    32    15    39       12        2     0.90735736E+02  0.86671385E+02  0.50000000E+00  0.40643505E+01  0.81287009E+01  0.60000000E+08     1
    32    15    40       12        2     0.87204021E+02  0.83131509E+02  0.50000000E+00  0.40725124E+01  0.81450247E+01  0.60000000E+08     1
    32    15    41       12        2     0.83667163E+02  0.79575263E+02  0.50000000E+00  0.40918993E+01  0.81837987E+01  0.60000000E+08     1
    32    15    42       12        2     0.80116454E+02  0.75984904E+02  0.50000000E+00  0.41315499E+01  0.82630998E+01  0.60000000E+08     1
    32    15    43       12        2     0.76535254E+02  0.72324252E+02  0.50000000E+00  0.42110022E+01  0.84220043E+01  0.60000000E+08     1
    32    15    44       12        2     0.72890119E+02  0.68531442E+02  0.50000000E+00  0.43586775E+01  0.87173551E+01  0.60000000E+08     1
    32    15    45       12        2     0.69121543E+02  0.64669560E+02  0.50000000E+00  0.44519827E+01  0.89039653E+01  0.60000000E+08     1
    32    15    46       12        2     0.65277196E+02  0.60810325E+02  0.50000000E+00  0.44668717E+01  0.89337434E+01  0.60000000E+08     1
    32    15    47       12        2     0.61421418E+02  0.56994213E+02  0.50000000E+00  0.44272045E+01  0.88544090E+01  0.60000000E+08     1
    32    15    48       12        2     0.57597712E+02  0.53259247E+02  0.50000000E+00  0.43384648E+01  0.86769297E+01  0.60000000E+08     1
    32    15    49       12        2     0.53845927E+02  0.49667649E+02  0.50000000E+00  0.41782778E+01  0.83565555E+01  0.60000000E+08     1
    32    15    50       12        2     0.50225483E+02  0.46839711E+02  0.50000000E+00  0.33857722E+01  0.67715444E+01  0.60000000E+08     1
    32    15    51        9        2     0.47357013E+02  0.43918630E+02  0.50000000E+00  0.34383837E+01  0.68767675E+01  0.60000000E+08     1
    32    15    52        8        2     0.44335196E+02  0.40376437E+02  0.50000000E+00  0.39587587E+01  0.79175175E+01  0.60000000E+08     1
    32    15    53        8        2     0.40674956E+02  0.36129785E+02  0.50000000E+00  0.45451719E+01  0.90903439E+01  0.60000000E+08     1
    32    15    54        7        2     0.36327482E+02  0.31150589E+02  0.50000000E+00  0.51768928E+01  0.10353786E+02  0.60000000E+08     1
    32    15    55        7        2     0.31257935E+02  0.26234622E+02  0.50000000E+00  0.50233122E+01  0.10046624E+02  0.60000000E+08     1
    32    15    56        7        2     0.26285589E+02  0.21462407E+02  0.50000000E+00  0.48231818E+01  0.96463636E+01  0.60000000E+08     1
    32    15    57        7        2     0.21481783E+02  0.17040457E+02  0.50000000E+00  0.44413261E+01  0.88826521E+01  0.60000000E+08     1
    79    23    31       12        2     0.11620684E+03  0.11190129E+03  0.50000000E+00  0.43055512E+01  0.86111024E+01  0.60000000E+08     1
    79    23    32       12        2     0.11259351E+03  0.10831165E+03  0.50000000E+00  0.42818590E+01  0.85637181E+01  0.60000000E+08     1
    79    23    33       12        2     0.10899722E+03  0.10473877E+03  0.50000000E+00  0.42584517E+01  0.85169034E+01  0.60000000E+08     1
    79    23    34       12        2     0.10541765E+03  0.10118208E+03  0.50000000E+00  0.42355656E+01  0.84711311E+01  0.60000000E+08     1
    79    23    35       12        2     0.10185428E+03  0.97640698E+02  0.50000000E+00  0.42135788E+01  0.84271575E+01  0.60000000E+08     1
    79    23    36       12        2     0.98306344E+02  0.94113242E+02  0.50000000E+00  0.41931028E+01  0.83862056E+01  0.60000000E+08     1
    79    23    37       12        2     0.94772640E+02  0.90597498E+02  0.50000000E+00  0.41751413E+01  0.83502825E+01  0.60000000E+08     1
    79    23    38       12        2     0.91251152E+02  0.87089785E+02  0.50000000E+00  0.41613679E+01  0.83227358E+01  0.60000000E+08     1
    79    23    39       12        2     0.87738390E+02  0.83583770E+02  0.50000000E+00  0.41546202E+01  0.83092404E+01  0.60000000E+08     1
    79    23    40       12        2     0.84228021E+02  0.80068237E+02  0.50000000E+00  0.41597836E+01  0.83195672E+01  0.60000000E+08     1
    79    23    41       12        2     0.80708129E+02  0.76522745E+02  0.50000000E+00  0.41853844E+01  0.83707687E+01  0.60000000E+08     1
    79    23    42       12        2     0.77155605E+02  0.72909137E+02  0.50000000E+00  0.42464686E+01  0.84929372E+01  0.60000000E+08     1
    79    23    43       12        2     0.73524523E+02  0.68506751E+02  0.50000000E+00  0.50177725E+01  0.10035545E+02  0.60000000E+08     1
    79    23    44        6        2     0.69066192E+02  0.64742587E+02  0.50000000E+00  0.43236045E+01  0.86472091E+01  0.60000000E+08     1
    79    23    45        9        2     0.65182385E+02  0.61703930E+02  0.50000000E+00  0.34784549E+01  0.69569097E+01  0.60000000E+08     1
    79    23    46        8        2     0.61985499E+02  0.57964762E+02  0.50000000E+00  0.40207365E+01  0.80414730E+01  0.60000000E+08     1
    79    23    47        8        2     0.58091253E+02  0.53428196E+02  0.50000000E+00  0.46630564E+01  0.93261128E+01  0.60000000E+08     1
    79    23    48        7        2     0.53484506E+02  0.48175945E+02  0.50000000E+00  0.53085609E+01  0.10617122E+02  0.60000000E+08     1
    79    23    49        7        2     0.48192894E+02  0.42972006E+02  0.50000000E+00  0.52208875E+01  0.10441775E+02  0.60000000E+08     1
    79    23    50        7        2     0.42967625E+02  0.37780273E+02  0.50000000E+00  0.51873522E+01  0.10374704E+02  0.60000000E+08     1
    79    23    51        7        2     0.37767819E+02  0.32571487E+02  0.50000000E+00  0.51963323E+01  0.10392665E+02  0.60000000E+08     1
    79    23    52        7        2     0.32573752E+02  0.27557691E+02  0.50000000E+00  0.50160610E+01  0.10032122E+02  0.60000000E+08     1
    79    23    53        6        2     0.27574667E+02  0.22740615E+02  0.50000000E+00  0.48340526E+01  0.96681052E+01  0.60000000E+08     1
    79    23    54        6        2     0.22755421E+02  0.17889341E+02  0.50000000E+00  0.48660796E+01  0.97321591E+01  0.60000000E+08     1
    54    35    18       12        2     0.16821578E+03  0.16379233E+03  0.50000000E+00  0.44234430E+01  0.88468860E+01  0.60000000E+08     1
    54    35    19       12        2     0.16443960E+03  0.16005174E+03  0.50000000E+00  0.43878666E+01  0.87757332E+01  0.60000000E+08     1
    54    35    20       12        2     0.16069114E+03  0.15630407E+03  0.50000000E+00  0.43870686E+01  0.87741372E+01  0.60000000E+08     1
    54    35    21       11        2     0.15693941E+03  0.15255215E+03  0.50000000E+00  0.43872659E+01  0.87745317E+01  0.60000000E+08     1
    54    35    22       11        2     0.15318503E+03  0.14882833E+03  0.50000000E+00  0.43566978E+01  0.87133956E+01  0.60000000E+08     1
    54    35    23       11        2     0.14945948E+03  0.14512802E+03  0.50000000E+00  0.43314631E+01  0.86629262E+01  0.60000000E+08     1
    54    35    24       11        2     0.14575787E+03  0.14145250E+03  0.50000000E+00  0.43053779E+01  0.86107558E+01  0.60000000E+08     1
    54    35    25       11        2     0.14208133E+03  0.13780218E+03  0.50000000E+00  0.42791544E+01  0.85583089E+01  0.60000000E+08     1
    54    35    26       11        2     0.13843020E+03  0.13417776E+03  0.50000000E+00  0.42524412E+01  0.85048825E+01  0.60000000E+08     1
    54    35    27       11        2     0.13480505E+03  0.13058006E+03  0.50000000E+00  0.42249935E+01  0.84499870E+01  0.60000000E+08     1
    54    35    28       11        2     0.13120657E+03  0.12701003E+03  0.50000000E+00  0.41965346E+01  0.83930693E+01  0.60000000E+08     1
    54    35    29       11        2     0.12763558E+03  0.12346885E+03  0.50000000E+00  0.41667230E+01  0.83334461E+01  0.60000000E+08     1
    54    35    30       11        2     0.12409309E+03  0.11995803E+03  0.50000000E+00  0.41350606E+01  0.82701212E+01  0.60000000E+08     1
    54    35    31       11        2     0.12058038E+03  0.11647959E+03  0.50000000E+00  0.41007893E+01  0.82015785E+01  0.60000000E+08     1
    54    35    32       11        2     0.11709907E+03  0.11303626E+03  0.50000000E+00  0.40628160E+01  0.81256319E+01  0.60000000E+08     1
    54    35    33       11        2     0.11365150E+03  0.10963170E+03  0.50000000E+00  0.40198042E+01  0.80396084E+01  0.60000000E+08     1
    54    35    34       11        2     0.11024130E+03  0.10627044E+03  0.50000000E+00  0.39708596E+01  0.79417193E+01  0.60000000E+08     1
    54    35    35       11        2     0.10687506E+03  0.10295704E+03  0.50000000E+00  0.39180194E+01  0.78360387E+01  0.60000000E+08     1
    54    35    36       11        2     0.10356662E+03  0.98804323E+02  0.50000000E+00  0.47622952E+01  0.95245905E+01  0.60000000E+08     1
    54    35    37       10        2     0.99473956E+02  0.93801123E+02  0.50000000E+00  0.56728332E+01  0.11345666E+02  0.60000000E+08     1
    54    35    38       10        2     0.94534655E+02  0.88818554E+02  0.50000000E+00  0.57161007E+01  0.11432201E+02  0.60000000E+08     1
    54    35    39       10        2     0.89537967E+02  0.83852054E+02  0.50000000E+00  0.56859131E+01  0.11371826E+02  0.60000000E+08     1
    54    35    40       10        2     0.84531794E+02  0.78904814E+02  0.50000000E+00  0.56269801E+01  0.11253960E+02  0.60000000E+08     1
    54    35    41       10        2     0.79537717E+02  0.73984686E+02  0.50000000E+00  0.55530310E+01  0.11106062E+02  0.60000000E+08     1
    54    35    42       10        2     0.74569436E+02  0.69104925E+02  0.50000000E+00  0.54645114E+01  0.10929023E+02  0.60000000E+08     1
    54    35    43       10        2     0.69641588E+02  0.64288775E+02  0.50000000E+00  0.53528126E+01  0.10705625E+02  0.60000000E+08     1
    54    35    44       10        2     0.64777404E+02  0.59580391E+02  0.50000000E+00  0.51970133E+01  0.10394027E+02  0.60000000E+08     1
    54    35    45       10        2     0.60020859E+02  0.55068754E+02  0.50000000E+00  0.49521053E+01  0.99042106E+01  0.60000000E+08     1
    54    35    46       10        2     0.55461272E+02  0.51962377E+02  0.50000000E+00  0.34988949E+01  0.69977898E+01  0.60000000E+08     1
    54    35    47        9        2     0.52322015E+02  0.50067965E+02  0.50000000E+00  0.22540498E+01  0.45080996E+01  0.60000000E+08     1
    54    35    48        9        2     0.50405440E+02  0.47497134E+02  0.50000000E+00  0.29083060E+01  0.58166120E+01  0.60000000E+08     1
    54    35    49        8        2     0.47803932E+02  0.44277886E+02  0.50000000E+00  0.35260465E+01  0.70520929E+01  0.60000000E+08     1
    54    35    50        8        2     0.44547371E+02  0.40344676E+02  0.50000000E+00  0.42026958E+01  0.84053917E+01  0.60000000E+08     1
    54    35    51        7        2     0.40572182E+02  0.35710074E+02  0.50000000E+00  0.48621076E+01  0.97242152E+01  0.60000000E+08     1
    54    35    52        7        2     0.35889871E+02  0.31108668E+02  0.50000000E+00  0.47812035E+01  0.95624070E+01  0.60000000E+08     1
    54    35    53        7        2     0.31241435E+02  0.26543506E+02  0.50000000E+00  0.46979282E+01  0.93958565E+01  0.60000000E+08     1
    54    35    54        7        2     0.26632191E+02  0.22014892E+02  0.50000000E+00  0.46172990E+01  0.92345979E+01  0.60000000E+08     1
    54    35    55        7        2     0.22064647E+02  0.17520305E+02  0.50000000E+00  0.45443424E+01  0.90886849E+01  0.60000000E+08     1
    50    45    27       11        2     0.13662254E+03  0.13259854E+03  0.50000000E+00  0.40239959E+01  0.80479918E+01  0.60000000E+08     1
    50    45    28       11        2     0.13308690E+03  0.12910242E+03  0.50000000E+00  0.39844789E+01  0.79689577E+01  0.60000000E+08     1
    50    45    29       11        2     0.12957922E+03  0.12563626E+03  0.50000000E+00  0.39429564E+01  0.78859128E+01  0.60000000E+08     1
    50    45    30       11        2     0.12609957E+03  0.12220110E+03  0.50000000E+00  0.38984705E+01  0.77969411E+01  0.60000000E+08     1
    50    45    31       11        2     0.12264790E+03  0.11879860E+03  0.50000000E+00  0.38492974E+01  0.76985948E+01  0.60000000E+08     1
    50    45    32       11        2     0.11922388E+03  0.11543170E+03  0.50000000E+00  0.37921779E+01  0.75843557E+01  0.60000000E+08     1
    50    45    33       11        2     0.11582663E+03  0.11210601E+03  0.50000000E+00  0.37206197E+01  0.74412393E+01  0.60000000E+08     1
    50    45    34       11        2     0.11245438E+03  0.10883341E+03  0.50000000E+00  0.36209664E+01  0.72419328E+01  0.60000000E+08     1
    50    45    35       11        2     0.10910398E+03  0.10564108E+03  0.50000000E+00  0.34628956E+01  0.69257912E+01  0.60000000E+08     1
    50    45    36       11        2     0.10577115E+03  0.10177092E+03  0.50000000E+00  0.40002241E+01  0.80004482E+01  0.60000000E+08     1
    50    45    37       11        2     0.10245421E+03  0.97079256E+02  0.50000000E+00  0.53749536E+01  0.10749907E+02  0.60000000E+08     1
    50    45    38       10        2     0.98277832E+02  0.92265274E+02  0.50000000E+00  0.60125580E+01  0.12025116E+02  0.60000000E+08     1
    50    45    39       10        2     0.93262129E+02  0.87417734E+02  0.50000000E+00  0.58443946E+01  0.11688789E+02  0.60000000E+08     1
    50    45    40       10        2     0.88296889E+02  0.82571674E+02  0.50000000E+00  0.57252154E+01  0.11450431E+02  0.60000000E+08     1
    50    45    41       10        2     0.83373082E+02  0.77742553E+02  0.50000000E+00  0.56305292E+01  0.11261058E+02  0.60000000E+08     1
    50    45    42       10        2     0.78485250E+02  0.72938417E+02  0.50000000E+00  0.55468322E+01  0.11093664E+02  0.60000000E+08     1
    50    45    43       10        2     0.73630720E+02  0.68163863E+02  0.50000000E+00  0.54668571E+01  0.10933714E+02  0.60000000E+08     1
    50    45    44       10        2     0.68807706E+02  0.63420688E+02  0.50000000E+00  0.53870181E+01  0.10774036E+02  0.60000000E+08     1
    50    45    45       10        2     0.64013192E+02  0.58707157E+02  0.50000000E+00  0.53060344E+01  0.10612069E+02  0.60000000E+08     1
    50    45    46       10        2     0.59240918E+02  0.55386813E+02  0.50000000E+00  0.38541055E+01  0.77082110E+01  0.60000000E+08     1
    50    45    47        9        2     0.55870038E+02  0.53448281E+02  0.50000000E+00  0.24217575E+01  0.48435151E+01  0.60000000E+08     1
    50    45    48        9        2     0.53887644E+02  0.50878415E+02  0.50000000E+00  0.30092293E+01  0.60184586E+01  0.60000000E+08     1
    50    45    49        8        2     0.51251934E+02  0.47683527E+02  0.50000000E+00  0.35684079E+01  0.71368157E+01  0.60000000E+08     1
    50    45    50        8        2     0.47977586E+02  0.43794502E+02  0.50000000E+00  0.41830836E+01  0.83661672E+01  0.60000000E+08     1
    50    45    51        7        2     0.44005354E+02  0.39215953E+02  0.50000000E+00  0.47894016E+01  0.95788031E+01  0.60000000E+08     1
    50    45    52        7        2     0.39347354E+02  0.34663423E+02  0.50000000E+00  0.46839311E+01  0.93678621E+01  0.60000000E+08     1
    50    45    53        7        2     0.34732765E+02  0.30133358E+02  0.50000000E+00  0.45994063E+01  0.91988126E+01  0.60000000E+08     1
    50    45    54        7        2     0.30155546E+02  0.25616682E+02  0.50000000E+00  0.45388638E+01  0.90777277E+01  0.60000000E+08     1
    50    45    55        7        2     0.25608914E+02  0.21304517E+02  0.50000000E+00  0.43043970E+01  0.86087940E+01  0.60000000E+08     1
