% Shemat-Suite version: SHEMAT-Suite 9.0 (Freely)                                                       
% data fit at iteration                final
%    i     j     k     unit     type               calc             obs             err            diff             res            time  ozone
    32    15    21       12        2     0.15539243E+03  0.15145234E+03  0.50000000E+00  0.39400950E+01  0.78801900E+01  0.60000000E+08     1
    32    15    22       12        2     0.15166002E+03  0.14773580E+03  0.50000000E+00  0.39242203E+01  0.78484407E+01  0.60000000E+08     1
    32    15    23       12        2     0.14794653E+03  0.14403725E+03  0.50000000E+00  0.39092777E+01  0.78185553E+01  0.60000000E+08     1
    32    15    24       12        2     0.14425157E+03  0.14035619E+03  0.50000000E+00  0.38953817E+01  0.77907634E+01  0.60000000E+08     1
    32    15    25       12        2     0.14057468E+03  0.13669201E+03  0.50000000E+00  0.38826687E+01  0.77653373E+01  0.60000000E+08     1
    32    15    26       12        2     0.13691537E+03  0.13304408E+03  0.50000000E+00  0.38712835E+01  0.77425670E+01  0.60000000E+08     1
    32    15    27       12        2     0.13327305E+03  0.12941170E+03  0.50000000E+00  0.38613553E+01  0.77227107E+01  0.60000000E+08     1
    32    15    28       12        2     0.12964712E+03  0.12579415E+03  0.50000000E+00  0.38529771E+01  0.77059543E+01  0.60000000E+08     1
    32    15    29       12        2     0.12603697E+03  0.12219071E+03  0.50000000E+00  0.38462628E+01  0.76925256E+01  0.60000000E+08     1
    32    15    30       12        2     0.12244196E+03  0.11860055E+03  0.50000000E+00  0.38414039E+01  0.76828077E+01  0.60000000E+08     1
    32    15    31       12        2     0.11886135E+03  0.11502268E+03  0.50000000E+00  0.38386711E+01  0.76773421E+01  0.60000000E+08     1
    32    15    32       12        2     0.11529425E+03  0.11145585E+03  0.50000000E+00  0.38383954E+01  0.76767907E+01  0.60000000E+08     1
    32    15    33       12        2     0.11173947E+03  0.10789855E+03  0.50000000E+00  0.38409224E+01  0.76818448E+01  0.60000000E+08     1
    32    15    34       12        2     0.10819561E+03  0.10434913E+03  0.50000000E+00  0.38464720E+01  0.76929439E+01  0.60000000E+08     1
    32    15    35       12        2     0.10466103E+03  0.10080633E+03  0.50000000E+00  0.38547069E+01  0.77094139E+01  0.60000000E+08     1
    32    15    36       12        2     0.10113450E+03  0.97269028E+02  0.50000000E+00  0.38654765E+01  0.77309530E+01  0.60000000E+08     1
    32    15    37       12        2     0.97614915E+02  0.93735758E+02  0.50000000E+00  0.38791575E+01  0.77583149E+01  0.60000000E+08     1
    32    15    38       12        2     0.94100746E+02  0.90204327E+02  0.50000000E+00  0.38964196E+01  0.77928393E+01  0.60000000E+08     1
    32    15    39       12        2     0.90589730E+02  0.86671385E+02  0.50000000E+00  0.39183447E+01  0.78366893E+01  0.60000000E+08     1
    32    15    40       12        2     0.87078337E+02  0.83131509E+02  0.50000000E+00  0.39468285E+01  0.78936571E+01  0.60000000E+08     1
    32    15    41       12        2     0.83560722E+02  0.79575263E+02  0.50000000E+00  0.39854587E+01  0.79709175E+01  0.60000000E+08     1
    32    15    42       12        2     0.80026511E+02  0.75984904E+02  0.50000000E+00  0.40416067E+01  0.80832135E+01  0.60000000E+08     1
    32    15    43       12        2     0.76456299E+02  0.72324252E+02  0.50000000E+00  0.41320468E+01  0.82640936E+01  0.60000000E+08     1
    32    15    44       12        2     0.72812726E+02  0.68531442E+02  0.50000000E+00  0.42812845E+01  0.85625691E+01  0.60000000E+08     1
    32    15    45       12        2     0.69033806E+02  0.64669560E+02  0.50000000E+00  0.43642457E+01  0.87284914E+01  0.60000000E+08     1
    32    15    46       12        2     0.65182253E+02  0.60810325E+02  0.50000000E+00  0.43719287E+01  0.87438574E+01  0.60000000E+08     1
    32    15    47       12        2     0.61329380E+02  0.56994213E+02  0.50000000E+00  0.43351673E+01  0.86703346E+01  0.60000000E+08     1
    32    15    48       12        2     0.57514887E+02  0.53259247E+02  0.50000000E+00  0.42556395E+01  0.85112790E+01  0.60000000E+08     1
    32    15    49       12        2     0.53774709E+02  0.49667649E+02  0.50000000E+00  0.41070592E+01  0.82141185E+01  0.60000000E+08     1
    32    15    50       12        2     0.50165708E+02  0.46839711E+02  0.50000000E+00  0.33259973E+01  0.66519946E+01  0.60000000E+08     1
    32    15    51        9        2     0.47305458E+02  0.43918630E+02  0.50000000E+00  0.33868281E+01  0.67736561E+01  0.60000000E+08     1
    32    15    52        8        2     0.44290733E+02  0.40376437E+02  0.50000000E+00  0.39142952E+01  0.78285904E+01  0.60000000E+08     1
    32    15    53        8        2     0.40637861E+02  0.36129785E+02  0.50000000E+00  0.45080769E+01  0.90161537E+01  0.60000000E+08     1
    32    15    54        7        2     0.36297816E+02  0.31150589E+02  0.50000000E+00  0.51472271E+01  0.10294454E+02  0.60000000E+08     1
    32    15    55        7        2     0.31236035E+02  0.26234622E+02  0.50000000E+00  0.50014123E+01  0.10002825E+02  0.60000000E+08     1
    32    15    56        7        2     0.26270698E+02  0.21462407E+02  0.50000000E+00  0.48082912E+01  0.96165825E+01  0.60000000E+08     1
    32    15    57        7        2     0.21473306E+02  0.17040457E+02  0.50000000E+00  0.44328494E+01  0.88656988E+01  0.60000000E+08     1
    79    23    31       12        2     0.11604526E+03  0.11190129E+03  0.50000000E+00  0.41439661E+01  0.82879322E+01  0.60000000E+08     1
    79    23    32       12        2     0.11243732E+03  0.10831165E+03  0.50000000E+00  0.41256668E+01  0.82513335E+01  0.60000000E+08     1
    79    23    33       12        2     0.10884649E+03  0.10473877E+03  0.50000000E+00  0.41077166E+01  0.82154332E+01  0.60000000E+08     1
    79    23    34       12        2     0.10527243E+03  0.10118208E+03  0.50000000E+00  0.40903448E+01  0.81806896E+01  0.60000000E+08     1
    79    23    35       12        2     0.10171462E+03  0.97640698E+02  0.50000000E+00  0.40739221E+01  0.81478442E+01  0.60000000E+08     1
    79    23    36       12        2     0.98172294E+02  0.94113242E+02  0.50000000E+00  0.40590528E+01  0.81181056E+01  0.60000000E+08     1
    79    23    37       12        2     0.94644232E+02  0.90597498E+02  0.50000000E+00  0.40467336E+01  0.80934672E+01  0.60000000E+08     1
    79    23    38       12        2     0.91128417E+02  0.87089785E+02  0.50000000E+00  0.40386321E+01  0.80772642E+01  0.60000000E+08     1
    79    23    39       12        2     0.87621352E+02  0.83583770E+02  0.50000000E+00  0.40375814E+01  0.80751628E+01  0.60000000E+08     1
    79    23    40       12        2     0.84116703E+02  0.80068237E+02  0.50000000E+00  0.40484656E+01  0.80969313E+01  0.60000000E+08     1
    79    23    41       12        2     0.80602561E+02  0.76522745E+02  0.50000000E+00  0.40798165E+01  0.81596330E+01  0.60000000E+08     1
    79    23    42       12        2     0.77055835E+02  0.72909137E+02  0.50000000E+00  0.41466982E+01  0.82933963E+01  0.60000000E+08     1
    79    23    43       12        2     0.73430642E+02  0.68506751E+02  0.50000000E+00  0.49238911E+01  0.98477822E+01  0.60000000E+08     1
    79    23    44        6        2     0.68979522E+02  0.64742587E+02  0.50000000E+00  0.42369344E+01  0.84738688E+01  0.60000000E+08     1
    79    23    45        9        2     0.65101963E+02  0.61703930E+02  0.50000000E+00  0.33980324E+01  0.67960648E+01  0.60000000E+08     1
    79    23    46        8        2     0.61910415E+02  0.57964762E+02  0.50000000E+00  0.39456532E+01  0.78913064E+01  0.60000000E+08     1
    79    23    47        8        2     0.58022551E+02  0.53428196E+02  0.50000000E+00  0.45943553E+01  0.91887106E+01  0.60000000E+08     1
    79    23    48        7        2     0.53423330E+02  0.48175945E+02  0.50000000E+00  0.52473847E+01  0.10494769E+02  0.60000000E+08     1
    79    23    49        7        2     0.48140261E+02  0.42972006E+02  0.50000000E+00  0.51682542E+01  0.10336508E+02  0.60000000E+08     1
    79    23    50        7        2     0.42923400E+02  0.37780273E+02  0.50000000E+00  0.51431268E+01  0.10286254E+02  0.60000000E+08     1
    79    23    51        7        2     0.37731927E+02  0.32571487E+02  0.50000000E+00  0.51604399E+01  0.10320880E+02  0.60000000E+08     1
    79    23    52        7        2     0.32546145E+02  0.27557691E+02  0.50000000E+00  0.49884540E+01  0.99769079E+01  0.60000000E+08     1
    79    23    53        6        2     0.27554985E+02  0.22740615E+02  0.50000000E+00  0.48143704E+01  0.96287408E+01  0.60000000E+08     1
    79    23    54        6        2     0.22743323E+02  0.17889341E+02  0.50000000E+00  0.48539815E+01  0.97079630E+01  0.60000000E+08     1
    54    35    18       12        2     0.16759106E+03  0.16379233E+03  0.50000000E+00  0.37987300E+01  0.75974599E+01  0.60000000E+08     1
    54    35    19       12        2     0.16381292E+03  0.16005174E+03  0.50000000E+00  0.37611884E+01  0.75223767E+01  0.60000000E+08     1
    54    35    20       12        2     0.16006219E+03  0.15630407E+03  0.50000000E+00  0.37581220E+01  0.75162439E+01  0.60000000E+08     1
    54    35    21       11        2     0.15630789E+03  0.15255215E+03  0.50000000E+00  0.37557486E+01  0.75114973E+01  0.60000000E+08     1
    54    35    22       11        2     0.15255068E+03  0.14882833E+03  0.50000000E+00  0.37223460E+01  0.74446921E+01  0.60000000E+08     1
    54    35    23       11        2     0.14882212E+03  0.14512802E+03  0.50000000E+00  0.36940987E+01  0.73881975E+01  0.60000000E+08     1
    54    35    24       11        2     0.14511736E+03  0.14145250E+03  0.50000000E+00  0.36648684E+01  0.73297369E+01  0.60000000E+08     1
    54    35    25       11        2     0.14143766E+03  0.13780218E+03  0.50000000E+00  0.36354803E+01  0.72709605E+01  0.60000000E+08     1
    54    35    26       11        2     0.13778349E+03  0.13417776E+03  0.50000000E+00  0.36057322E+01  0.72114644E+01  0.60000000E+08     1
    54    35    27       11        2     0.13415565E+03  0.13058006E+03  0.50000000E+00  0.35755884E+01  0.71511769E+01  0.60000000E+08     1
    54    35    28       11        2     0.13055508E+03  0.12701003E+03  0.50000000E+00  0.35450468E+01  0.70900935E+01  0.60000000E+08     1
    54    35    29       11        2     0.12698297E+03  0.12346885E+03  0.50000000E+00  0.35141172E+01  0.70282345E+01  0.60000000E+08     1
    54    35    30       11        2     0.12344080E+03  0.11995803E+03  0.50000000E+00  0.34827715E+01  0.69655430E+01  0.60000000E+08     1
    54    35    31       11        2     0.11993050E+03  0.11647959E+03  0.50000000E+00  0.34509137E+01  0.69018274E+01  0.60000000E+08     1
    54    35    32       11        2     0.11645470E+03  0.11303626E+03  0.50000000E+00  0.34184388E+01  0.68368776E+01  0.60000000E+08     1
    54    35    33       11        2     0.11301725E+03  0.10963170E+03  0.50000000E+00  0.33855553E+01  0.67711106E+01  0.60000000E+08     1
    54    35    34       11        2     0.10962428E+03  0.10627044E+03  0.50000000E+00  0.33538422E+01  0.67076845E+01  0.60000000E+08     1
    54    35    35       11        2     0.10628623E+03  0.10295704E+03  0.50000000E+00  0.33291938E+01  0.66583875E+01  0.60000000E+08     1
    54    35    36       11        2     0.10302213E+03  0.98804323E+02  0.50000000E+00  0.42178033E+01  0.84356067E+01  0.60000000E+08     1
    54    35    37       10        2     0.99009426E+02  0.93801123E+02  0.50000000E+00  0.52083030E+01  0.10416606E+02  0.60000000E+08     1
    54    35    38       10        2     0.94172960E+02  0.88818554E+02  0.50000000E+00  0.53544057E+01  0.10708811E+02  0.60000000E+08     1
    54    35    39       10        2     0.89263340E+02  0.83852054E+02  0.50000000E+00  0.54112861E+01  0.10822572E+02  0.60000000E+08     1
    54    35    40       10        2     0.84328326E+02  0.78904814E+02  0.50000000E+00  0.54235127E+01  0.10847025E+02  0.60000000E+08     1
    54    35    41       10        2     0.79392826E+02  0.73984686E+02  0.50000000E+00  0.54081403E+01  0.10816281E+02  0.60000000E+08     1
    54    35    42       10        2     0.74473218E+02  0.69104925E+02  0.50000000E+00  0.53682933E+01  0.10736587E+02  0.60000000E+08     1
    54    35    43       10        2     0.69585973E+02  0.64288775E+02  0.50000000E+00  0.52971977E+01  0.10594395E+02  0.60000000E+08     1
    54    35    44       10        2     0.64755639E+02  0.59580391E+02  0.50000000E+00  0.51752479E+01  0.10350496E+02  0.60000000E+08     1
    54    35    45       10        2     0.60027170E+02  0.55068754E+02  0.50000000E+00  0.49584167E+01  0.99168335E+01  0.60000000E+08     1
    54    35    46       10        2     0.55490504E+02  0.51962377E+02  0.50000000E+00  0.35281271E+01  0.70562542E+01  0.60000000E+08     1
    54    35    47        9        2     0.52361460E+02  0.50067965E+02  0.50000000E+00  0.22934954E+01  0.45869909E+01  0.60000000E+08     1
    54    35    48        9        2     0.50448051E+02  0.47497134E+02  0.50000000E+00  0.29509171E+01  0.59018343E+01  0.60000000E+08     1
    54    35    49        8        2     0.47847504E+02  0.44277886E+02  0.50000000E+00  0.35696183E+01  0.71392366E+01  0.60000000E+08     1
    54    35    50        8        2     0.44590005E+02  0.40344676E+02  0.50000000E+00  0.42453292E+01  0.84906583E+01  0.60000000E+08     1
    54    35    51        7        2     0.40611480E+02  0.35710074E+02  0.50000000E+00  0.49014059E+01  0.98028118E+01  0.60000000E+08     1
    54    35    52        7        2     0.35923786E+02  0.31108668E+02  0.50000000E+00  0.48151181E+01  0.96302361E+01  0.60000000E+08     1
    54    35    53        7        2     0.31268870E+02  0.26543506E+02  0.50000000E+00  0.47253638E+01  0.94507276E+01  0.60000000E+08     1
    54    35    54        7        2     0.26652386E+02  0.22014892E+02  0.50000000E+00  0.46374938E+01  0.92749875E+01  0.60000000E+08     1
    54    35    55        7        2     0.22077129E+02  0.17520305E+02  0.50000000E+00  0.45568244E+01  0.91136489E+01  0.60000000E+08     1
    50    45    27       11        2     0.13600054E+03  0.13259854E+03  0.50000000E+00  0.34019929E+01  0.68039858E+01  0.60000000E+08     1
    50    45    28       11        2     0.13246269E+03  0.12910242E+03  0.50000000E+00  0.33602732E+01  0.67205464E+01  0.60000000E+08     1
    50    45    29       11        2     0.12895309E+03  0.12563626E+03  0.50000000E+00  0.33168270E+01  0.66336540E+01  0.60000000E+08     1
    50    45    30       11        2     0.12547203E+03  0.12220110E+03  0.50000000E+00  0.32709305E+01  0.65418609E+01  0.60000000E+08     1
    50    45    31       11        2     0.12201992E+03  0.11879860E+03  0.50000000E+00  0.32213113E+01  0.64426226E+01  0.60000000E+08     1
    50    45    32       11        2     0.11859730E+03  0.11543170E+03  0.50000000E+00  0.31655959E+01  0.63311918E+01  0.60000000E+08     1
    50    45    33       11        2     0.11520503E+03  0.11210601E+03  0.50000000E+00  0.30990229E+01  0.61980459E+01  0.60000000E+08     1
    50    45    34       11        2     0.11184465E+03  0.10883341E+03  0.50000000E+00  0.30112363E+01  0.60224727E+01  0.60000000E+08     1
    50    45    35       11        2     0.10851893E+03  0.10564108E+03  0.50000000E+00  0.28778512E+01  0.57557024E+01  0.60000000E+08     1
    50    45    36       11        2     0.10523295E+03  0.10177092E+03  0.50000000E+00  0.34620285E+01  0.69240570E+01  0.60000000E+08     1
    50    45    37       11        2     0.10199463E+03  0.97079256E+02  0.50000000E+00  0.49153740E+01  0.98307480E+01  0.60000000E+08     1
    50    45    38       10        2     0.97942596E+02  0.92265274E+02  0.50000000E+00  0.56773217E+01  0.11354643E+02  0.60000000E+08     1
    50    45    39       10        2     0.93053823E+02  0.87417734E+02  0.50000000E+00  0.56360893E+01  0.11272179E+02  0.60000000E+08     1
    50    45    40       10        2     0.88171155E+02  0.82571674E+02  0.50000000E+00  0.55994810E+01  0.11198962E+02  0.60000000E+08     1
    50    45    41       10        2     0.83298398E+02  0.77742553E+02  0.50000000E+00  0.55558455E+01  0.11111691E+02  0.60000000E+08     1
    50    45    42       10        2     0.78442936E+02  0.72938417E+02  0.50000000E+00  0.55045187E+01  0.11009037E+02  0.60000000E+08     1
    50    45    43       10        2     0.73610167E+02  0.68163863E+02  0.50000000E+00  0.54463038E+01  0.10892608E+02  0.60000000E+08     1
    50    45    44       10        2     0.68802726E+02  0.63420688E+02  0.50000000E+00  0.53820375E+01  0.10764075E+02  0.60000000E+08     1
    50    45    45       10        2     0.64019907E+02  0.58707157E+02  0.50000000E+00  0.53127496E+01  0.10625499E+02  0.60000000E+08     1
    50    45    46       10        2     0.59256678E+02  0.55386813E+02  0.50000000E+00  0.38698653E+01  0.77397305E+01  0.60000000E+08     1
    50    45    47        9        2     0.55890832E+02  0.53448281E+02  0.50000000E+00  0.24425507E+01  0.48851014E+01  0.60000000E+08     1
    50    45    48        9        2     0.53909941E+02  0.50878415E+02  0.50000000E+00  0.30315263E+01  0.60630527E+01  0.60000000E+08     1
    50    45    49        8        2     0.51274789E+02  0.47683527E+02  0.50000000E+00  0.35912622E+01  0.71825243E+01  0.60000000E+08     1
    50    45    50        8        2     0.48000149E+02  0.43794502E+02  0.50000000E+00  0.42056475E+01  0.84112949E+01  0.60000000E+08     1
    50    45    51        7        2     0.44026609E+02  0.39215953E+02  0.50000000E+00  0.48106557E+01  0.96213114E+01  0.60000000E+08     1
    50    45    52        7        2     0.39366372E+02  0.34663423E+02  0.50000000E+00  0.47029495E+01  0.94058990E+01  0.60000000E+08     1
    50    45    53        7        2     0.34748960E+02  0.30133358E+02  0.50000000E+00  0.46156014E+01  0.92312028E+01  0.60000000E+08     1
    50    45    54        7        2     0.30168455E+02  0.25616682E+02  0.50000000E+00  0.45517731E+01  0.91035462E+01  0.60000000E+08     1
    50    45    55        7        2     0.25618198E+02  0.21304517E+02  0.50000000E+00  0.43136811E+01  0.86273622E+01  0.60000000E+08     1
