% Shemat-Suite version: SHEMAT-Suite 9.0 (Freely)                                                       
% data fit at iteration                final
%    i     j     k     unit     type               calc             obs             err            diff             res            time  ozone
    32    15    21       12        2     0.15625457E+03  0.15145234E+03  0.50000000E+00  0.48022370E+01  0.96044739E+01  0.60000000E+08     1
    32    15    22       12        2     0.15251578E+03  0.14773580E+03  0.50000000E+00  0.47799801E+01  0.95599602E+01  0.60000000E+08     1
    32    15    23       12        2     0.14879551E+03  0.14403725E+03  0.50000000E+00  0.47582609E+01  0.95165218E+01  0.60000000E+08     1
    32    15    24       12        2     0.14509329E+03  0.14035619E+03  0.50000000E+00  0.47371079E+01  0.94742157E+01  0.60000000E+08     1
    32    15    25       12        2     0.14140857E+03  0.13669201E+03  0.50000000E+00  0.47165558E+01  0.94331115E+01  0.60000000E+08     1
    32    15    26       12        2     0.13774071E+03  0.13304408E+03  0.50000000E+00  0.46966310E+01  0.93932621E+01  0.60000000E+08     1
    32    15    27       12        2     0.13408902E+03  0.12941170E+03  0.50000000E+00  0.46773254E+01  0.93546508E+01  0.60000000E+08     1
    32    15    28       12        2     0.13045272E+03  0.12579415E+03  0.50000000E+00  0.46585737E+01  0.93171474E+01  0.60000000E+08     1
    32    15    29       12        2     0.12683102E+03  0.12219071E+03  0.50000000E+00  0.46403091E+01  0.92806181E+01  0.60000000E+08     1
    32    15    30       12        2     0.12322307E+03  0.11860055E+03  0.50000000E+00  0.46225153E+01  0.92450306E+01  0.60000000E+08     1
    32    15    31       12        2     0.11962791E+03  0.11502268E+03  0.50000000E+00  0.46052255E+01  0.92104511E+01  0.60000000E+08     1
    32    15    32       12        2     0.11604435E+03  0.11145585E+03  0.50000000E+00  0.45884996E+01  0.91769991E+01  0.60000000E+08     1
    32    15    33       12        2     0.11247093E+03  0.10789855E+03  0.50000000E+00  0.45723737E+01  0.91447475E+01  0.60000000E+08     1
    32    15    34       12        2     0.10890585E+03  0.10434913E+03  0.50000000E+00  0.45567138E+01  0.91134275E+01  0.60000000E+08     1
    32    15    35       12        2     0.10534710E+03  0.10080633E+03  0.50000000E+00  0.45407742E+01  0.90815485E+01  0.60000000E+08     1
    32    15    36       12        2     0.10179296E+03  0.97269028E+02  0.50000000E+00  0.45239297E+01  0.90478595E+01  0.60000000E+08     1
    32    15    37       12        2     0.98241705E+02  0.93735758E+02  0.50000000E+00  0.45059474E+01  0.90118948E+01  0.60000000E+08     1
    32    15    38       12        2     0.94691019E+02  0.90204327E+02  0.50000000E+00  0.44866929E+01  0.89733858E+01  0.60000000E+08     1
    32    15    39       12        2     0.91137514E+02  0.86671385E+02  0.50000000E+00  0.44661283E+01  0.89322567E+01  0.60000000E+08     1
    32    15    40       12        2     0.87575962E+02  0.83131509E+02  0.50000000E+00  0.44444531E+01  0.88889063E+01  0.60000000E+08     1
    32    15    41       12        2     0.83997584E+02  0.79575263E+02  0.50000000E+00  0.44223205E+01  0.88446410E+01  0.60000000E+08     1
    32    15    42       12        2     0.80385946E+02  0.75984904E+02  0.50000000E+00  0.44010423E+01  0.88020845E+01  0.60000000E+08     1
    32    15    43       12        2     0.76706967E+02  0.72324252E+02  0.50000000E+00  0.43827151E+01  0.87654302E+01  0.60000000E+08     1
    32    15    44       12        2     0.72891010E+02  0.68531442E+02  0.50000000E+00  0.43595677E+01  0.87191353E+01  0.60000000E+08     1
    32    15    45       12        2     0.69002246E+02  0.64669560E+02  0.50000000E+00  0.43326855E+01  0.86653710E+01  0.60000000E+08     1
    32    15    46       12        2     0.65108995E+02  0.60810325E+02  0.50000000E+00  0.42986698E+01  0.85973397E+01  0.60000000E+08     1
    32    15    47       12        2     0.61244197E+02  0.56994213E+02  0.50000000E+00  0.42499841E+01  0.84999683E+01  0.60000000E+08     1
    32    15    48       12        2     0.57429878E+02  0.53259247E+02  0.50000000E+00  0.41706313E+01  0.83412626E+01  0.60000000E+08     1
    32    15    49       12        2     0.53693427E+02  0.49667649E+02  0.50000000E+00  0.40257779E+01  0.80515557E+01  0.60000000E+08     1
    32    15    50       12        2     0.50086841E+02  0.46839711E+02  0.50000000E+00  0.32471295E+01  0.64942590E+01  0.60000000E+08     1
    32    15    51        9        2     0.47230976E+02  0.43918630E+02  0.50000000E+00  0.33123467E+01  0.66246935E+01  0.60000000E+08     1
    32    15    52        8        2     0.44223359E+02  0.40376437E+02  0.50000000E+00  0.38469213E+01  0.76938425E+01  0.60000000E+08     1
    32    15    53        8        2     0.40580235E+02  0.36129785E+02  0.50000000E+00  0.44504503E+01  0.89009006E+01  0.60000000E+08     1
    32    15    54        7        2     0.36251119E+02  0.31150589E+02  0.50000000E+00  0.51005298E+01  0.10201060E+02  0.60000000E+08     1
    32    15    55        7        2     0.31201512E+02  0.26234622E+02  0.50000000E+00  0.49668900E+01  0.99337799E+01  0.60000000E+08     1
    32    15    56        7        2     0.26247587E+02  0.21462407E+02  0.50000000E+00  0.47851805E+01  0.95703610E+01  0.60000000E+08     1
    32    15    57        7        2     0.21460625E+02  0.17040457E+02  0.50000000E+00  0.44201685E+01  0.88403370E+01  0.60000000E+08     1
    79    23    31       12        2     0.11630715E+03  0.11190129E+03  0.50000000E+00  0.44058523E+01  0.88117046E+01  0.60000000E+08     1
    79    23    32       12        2     0.11269030E+03  0.10831165E+03  0.50000000E+00  0.43786484E+01  0.87572967E+01  0.60000000E+08     1
    79    23    33       12        2     0.10909047E+03  0.10473877E+03  0.50000000E+00  0.43517013E+01  0.87034027E+01  0.60000000E+08     1
    79    23    34       12        2     0.10550734E+03  0.10118208E+03  0.50000000E+00  0.43252531E+01  0.86505061E+01  0.60000000E+08     1
    79    23    35       12        2     0.10194039E+03  0.97640698E+02  0.50000000E+00  0.42996871E+01  0.85993743E+01  0.60000000E+08     1
    79    23    36       12        2     0.98388862E+02  0.94113242E+02  0.50000000E+00  0.42756205E+01  0.85512411E+01  0.60000000E+08     1
    79    23    37       12        2     0.94851560E+02  0.90597498E+02  0.50000000E+00  0.42540620E+01  0.85081239E+01  0.60000000E+08     1
    79    23    38       12        2     0.91326474E+02  0.87089785E+02  0.50000000E+00  0.42366895E+01  0.84733790E+01  0.60000000E+08     1
    79    23    39       12        2     0.87810114E+02  0.83583770E+02  0.50000000E+00  0.42263438E+01  0.84526876E+01  0.60000000E+08     1
    79    23    40       12        2     0.84296148E+02  0.80068237E+02  0.50000000E+00  0.42279109E+01  0.84558219E+01  0.60000000E+08     1
    79    23    41       12        2     0.80772658E+02  0.76522745E+02  0.50000000E+00  0.42499135E+01  0.84998271E+01  0.60000000E+08     1
    79    23    42       12        2     0.77216522E+02  0.72909137E+02  0.50000000E+00  0.43073855E+01  0.86147709E+01  0.60000000E+08     1
    79    23    43       12        2     0.73581785E+02  0.68506751E+02  0.50000000E+00  0.50750337E+01  0.10150067E+02  0.60000000E+08     1
    79    23    44        6        2     0.69118998E+02  0.64742587E+02  0.50000000E+00  0.43764106E+01  0.87528213E+01  0.60000000E+08     1
    79    23    45        9        2     0.65231338E+02  0.61703930E+02  0.50000000E+00  0.35274079E+01  0.70548158E+01  0.60000000E+08     1
    79    23    46        8        2     0.62031178E+02  0.57964762E+02  0.50000000E+00  0.40664152E+01  0.81328304E+01  0.60000000E+08     1
    79    23    47        8        2     0.58133025E+02  0.53428196E+02  0.50000000E+00  0.47048286E+01  0.94096571E+01  0.60000000E+08     1
    79    23    48        7        2     0.53521686E+02  0.48175945E+02  0.50000000E+00  0.53457412E+01  0.10691482E+02  0.60000000E+08     1
    79    23    49        7        2     0.48224869E+02  0.42972006E+02  0.50000000E+00  0.52528622E+01  0.10505724E+02  0.60000000E+08     1
    79    23    50        7        2     0.42994483E+02  0.37780273E+02  0.50000000E+00  0.52142099E+01  0.10428420E+02  0.60000000E+08     1
    79    23    51        7        2     0.37789610E+02  0.32571487E+02  0.50000000E+00  0.52181235E+01  0.10436247E+02  0.60000000E+08     1
    79    23    52        7        2     0.32590509E+02  0.27557691E+02  0.50000000E+00  0.50328187E+01  0.10065637E+02  0.60000000E+08     1
    79    23    53        6        2     0.27586613E+02  0.22740615E+02  0.50000000E+00  0.48459982E+01  0.96919964E+01  0.60000000E+08     1
    79    23    54        6        2     0.22762762E+02  0.17889341E+02  0.50000000E+00  0.48734213E+01  0.97468427E+01  0.60000000E+08     1
    54    35    18       12        2     0.16904750E+03  0.16379233E+03  0.50000000E+00  0.52551633E+01  0.10510327E+02  0.60000000E+08     1
    54    35    19       12        2     0.16527488E+03  0.16005174E+03  0.50000000E+00  0.52231445E+01  0.10446289E+02  0.60000000E+08     1
    54    35    20       12        2     0.16152999E+03  0.15630407E+03  0.50000000E+00  0.52259180E+01  0.10451836E+02  0.60000000E+08     1
    54    35    21       11        2     0.15778090E+03  0.15255215E+03  0.50000000E+00  0.52287579E+01  0.10457516E+02  0.60000000E+08     1
    54    35    22       11        2     0.15402601E+03  0.14882833E+03  0.50000000E+00  0.51976801E+01  0.10395360E+02  0.60000000E+08     1
    54    35    23       11        2     0.15029918E+03  0.14512802E+03  0.50000000E+00  0.51711623E+01  0.10342325E+02  0.60000000E+08     1
    54    35    24       11        2     0.14659964E+03  0.14145250E+03  0.50000000E+00  0.51471396E+01  0.10294279E+02  0.60000000E+08     1
    54    35    25       11        2     0.14292668E+03  0.13780218E+03  0.50000000E+00  0.51245040E+01  0.10249008E+02  0.60000000E+08     1
    54    35    26       11        2     0.13928031E+03  0.13417776E+03  0.50000000E+00  0.51025493E+01  0.10205099E+02  0.60000000E+08     1
    54    35    27       11        2     0.13566081E+03  0.13058006E+03  0.50000000E+00  0.50807555E+01  0.10161511E+02  0.60000000E+08     1
    54    35    28       11        2     0.13206876E+03  0.12701003E+03  0.50000000E+00  0.50587288E+01  0.10117458E+02  0.60000000E+08     1
    54    35    29       11        2     0.12850498E+03  0.12346885E+03  0.50000000E+00  0.50361251E+01  0.10072250E+02  0.60000000E+08     1
    54    35    30       11        2     0.12497066E+03  0.11995803E+03  0.50000000E+00  0.50126254E+01  0.10025251E+02  0.60000000E+08     1
    54    35    31       11        2     0.12146761E+03  0.11647959E+03  0.50000000E+00  0.49880223E+01  0.99760446E+01  0.60000000E+08     1
    54    35    32       11        2     0.11799882E+03  0.11303626E+03  0.50000000E+00  0.49625571E+01  0.99251143E+01  0.60000000E+08     1
    54    35    33       11        2     0.11456954E+03  0.10963170E+03  0.50000000E+00  0.49378442E+01  0.98756885E+01  0.60000000E+08     1
    54    35    34       11        2     0.11118962E+03  0.10627044E+03  0.50000000E+00  0.49191819E+01  0.98383638E+01  0.60000000E+08     1
    54    35    35       11        2     0.10787811E+03  0.10295704E+03  0.50000000E+00  0.49210666E+01  0.98421332E+01  0.60000000E+08     1
    54    35    36       10        2     0.10380857E+03  0.98804323E+02  0.50000000E+00  0.50042430E+01  0.10008486E+02  0.60000000E+08     1
    54    35    37       10        2     0.98914517E+02  0.93801123E+02  0.50000000E+00  0.51133940E+01  0.10226788E+02  0.60000000E+08     1
    54    35    38       10        2     0.93959986E+02  0.88818554E+02  0.50000000E+00  0.51414321E+01  0.10282864E+02  0.60000000E+08     1
    54    35    39       10        2     0.88990494E+02  0.83852054E+02  0.50000000E+00  0.51384398E+01  0.10276880E+02  0.60000000E+08     1
    54    35    40       10        2     0.84026880E+02  0.78904814E+02  0.50000000E+00  0.51220666E+01  0.10244133E+02  0.60000000E+08     1
    54    35    41       10        2     0.79080572E+02  0.73984686E+02  0.50000000E+00  0.50958861E+01  0.10191772E+02  0.60000000E+08     1
    54    35    42       10        2     0.74161093E+02  0.69104925E+02  0.50000000E+00  0.50561684E+01  0.10112337E+02  0.60000000E+08     1
    54    35    43       10        2     0.69281213E+02  0.64288775E+02  0.50000000E+00  0.49924379E+01  0.99848758E+01  0.60000000E+08     1
    54    35    44       10        2     0.64463263E+02  0.59580391E+02  0.50000000E+00  0.48828718E+01  0.97657437E+01  0.60000000E+08     1
    54    35    45       10        2     0.59750671E+02  0.55068754E+02  0.50000000E+00  0.46819176E+01  0.93638352E+01  0.60000000E+08     1
    54    35    46       10        2     0.55232128E+02  0.51962377E+02  0.50000000E+00  0.32697507E+01  0.65395013E+01  0.60000000E+08     1
    54    35    47        9        2     0.52117009E+02  0.50067965E+02  0.50000000E+00  0.20490441E+01  0.40980882E+01  0.60000000E+08     1
    54    35    48        9        2     0.50214081E+02  0.47497134E+02  0.50000000E+00  0.27169476E+01  0.54338953E+01  0.60000000E+08     1
    54    35    49        8        2     0.47629254E+02  0.44277886E+02  0.50000000E+00  0.33513680E+01  0.67027360E+01  0.60000000E+08     1
    54    35    50        8        2     0.44392314E+02  0.40344676E+02  0.50000000E+00  0.40476387E+01  0.80952773E+01  0.60000000E+08     1
    54    35    51        7        2     0.40439652E+02  0.35710074E+02  0.50000000E+00  0.47295775E+01  0.94591550E+01  0.60000000E+08     1
    54    35    52        7        2     0.35782834E+02  0.31108668E+02  0.50000000E+00  0.46741661E+01  0.93483323E+01  0.60000000E+08     1
    54    35    53        7        2     0.31158997E+02  0.26543506E+02  0.50000000E+00  0.46154905E+01  0.92309810E+01  0.60000000E+08     1
    54    35    54        7        2     0.26573597E+02  0.22014892E+02  0.50000000E+00  0.45587047E+01  0.91174093E+01  0.60000000E+08     1
    54    35    55        7        2     0.22029273E+02  0.17520305E+02  0.50000000E+00  0.45089682E+01  0.90179363E+01  0.60000000E+08     1
    50    45    27       11        2     0.13780382E+03  0.13259854E+03  0.50000000E+00  0.52052788E+01  0.10410558E+02  0.60000000E+08     1
    50    45    28       11        2     0.13429194E+03  0.12910242E+03  0.50000000E+00  0.51895241E+01  0.10379048E+02  0.60000000E+08     1
    50    45    29       11        2     0.13081046E+03  0.12563626E+03  0.50000000E+00  0.51741977E+01  0.10348395E+02  0.60000000E+08     1
    50    45    30       11        2     0.12736023E+03  0.12220110E+03  0.50000000E+00  0.51591310E+01  0.10318262E+02  0.60000000E+08     1
    50    45    31       11        2     0.12394264E+03  0.11879860E+03  0.50000000E+00  0.51440334E+01  0.10288067E+02  0.60000000E+08     1
    50    45    32       11        2     0.12056008E+03  0.11543170E+03  0.50000000E+00  0.51283795E+01  0.10256759E+02  0.60000000E+08     1
    50    45    33       11        2     0.11721721E+03  0.11210601E+03  0.50000000E+00  0.51111967E+01  0.10222393E+02  0.60000000E+08     1
    50    45    34       11        2     0.11392415E+03  0.10883341E+03  0.50000000E+00  0.50907410E+01  0.10181482E+02  0.60000000E+08     1
    50    45    35       11        2     0.11070543E+03  0.10564108E+03  0.50000000E+00  0.50643447E+01  0.10128689E+02  0.60000000E+08     1
    50    45    36       10        2     0.10679990E+03  0.10177092E+03  0.50000000E+00  0.50289742E+01  0.10057948E+02  0.60000000E+08     1
    50    45    37       10        2     0.10207526E+03  0.97079256E+02  0.50000000E+00  0.49960074E+01  0.99920148E+01  0.60000000E+08     1
    50    45    38       10        2     0.97240013E+02  0.92265274E+02  0.50000000E+00  0.49747390E+01  0.99494780E+01  0.60000000E+08     1
    50    45    39       10        2     0.92378482E+02  0.87417734E+02  0.50000000E+00  0.49607478E+01  0.99214956E+01  0.60000000E+08     1
    50    45    40       10        2     0.87520935E+02  0.82571674E+02  0.50000000E+00  0.49492615E+01  0.98985230E+01  0.60000000E+08     1
    50    45    41       10        2     0.82679543E+02  0.77742553E+02  0.50000000E+00  0.49369899E+01  0.98739798E+01  0.60000000E+08     1
    50    45    42       10        2     0.77860235E+02  0.72938417E+02  0.50000000E+00  0.49218177E+01  0.98436354E+01  0.60000000E+08     1
    50    45    43       10        2     0.73066349E+02  0.68163863E+02  0.50000000E+00  0.49024860E+01  0.98049720E+01  0.60000000E+08     1
    50    45    44       10        2     0.68299247E+02  0.63420688E+02  0.50000000E+00  0.48785590E+01  0.97571180E+01  0.60000000E+08     1
    50    45    45       10        2     0.63557583E+02  0.58707157E+02  0.50000000E+00  0.48504252E+01  0.97008504E+01  0.60000000E+08     1
    50    45    46       10        2     0.58836031E+02  0.55386813E+02  0.50000000E+00  0.34492180E+01  0.68984360E+01  0.60000000E+08     1
    50    45    47        9        2     0.55500488E+02  0.53448281E+02  0.50000000E+00  0.20522076E+01  0.41044152E+01  0.60000000E+08     1
    50    45    48        9        2     0.53538561E+02  0.50878415E+02  0.50000000E+00  0.26601462E+01  0.53202925E+01  0.60000000E+08     1
    50    45    49        8        2     0.50928771E+02  0.47683527E+02  0.50000000E+00  0.32452447E+01  0.64904893E+01  0.60000000E+08     1
    50    45    50        8        2     0.47685663E+02  0.43794502E+02  0.50000000E+00  0.38911613E+01  0.77823226E+01  0.60000000E+08     1
    50    45    51        7        2     0.43750214E+02  0.39215953E+02  0.50000000E+00  0.45342612E+01  0.90685223E+01  0.60000000E+08     1
    50    45    52        7        2     0.39134440E+02  0.34663423E+02  0.50000000E+00  0.44710176E+01  0.89420352E+01  0.60000000E+08     1
    50    45    53        7        2     0.34561125E+02  0.30133358E+02  0.50000000E+00  0.44277665E+01  0.88555330E+01  0.60000000E+08     1
    50    45    54        7        2     0.30024351E+02  0.25616682E+02  0.50000000E+00  0.44076694E+01  0.88153389E+01  0.60000000E+08     1
    50    45    55        7        2     0.25517469E+02  0.21304517E+02  0.50000000E+00  0.42129520E+01  0.84259040E+01  0.60000000E+08     1
