% Shemat-Suite version: SHEMAT-Suite 9.0 (Freely)                                                       
% data fit at iteration                final
%    i     j     k     unit     type               calc             obs             err            diff             res            time  ozone
    32    15    21       12        2     0.15472982E+03  0.15145234E+03  0.50000000E+00  0.32774809E+01  0.65549617E+01  0.60000000E+08     1
    32    15    22       12        2     0.15099807E+03  0.14773580E+03  0.50000000E+00  0.32622709E+01  0.65245418E+01  0.60000000E+08     1
    32    15    23       12        2     0.14728507E+03  0.14403725E+03  0.50000000E+00  0.32478117E+01  0.64956234E+01  0.60000000E+08     1
    32    15    24       12        2     0.14359041E+03  0.14035619E+03  0.50000000E+00  0.32342196E+01  0.64684393E+01  0.60000000E+08     1
    32    15    25       12        2     0.13991365E+03  0.13669201E+03  0.50000000E+00  0.32216337E+01  0.64432674E+01  0.60000000E+08     1
    32    15    26       12        2     0.13625429E+03  0.13304408E+03  0.50000000E+00  0.32102038E+01  0.64204076E+01  0.60000000E+08     1
    32    15    27       12        2     0.13261176E+03  0.12941170E+03  0.50000000E+00  0.32000675E+01  0.64001350E+01  0.60000000E+08     1
    32    15    28       12        2     0.12898548E+03  0.12579415E+03  0.50000000E+00  0.31913317E+01  0.63826634E+01  0.60000000E+08     1
    32    15    29       12        2     0.12537484E+03  0.12219071E+03  0.50000000E+00  0.31841331E+01  0.63682663E+01  0.60000000E+08     1
    32    15    30       12        2     0.12177925E+03  0.11860055E+03  0.50000000E+00  0.31787002E+01  0.63574004E+01  0.60000000E+08     1
    32    15    31       12        2     0.11819804E+03  0.11502268E+03  0.50000000E+00  0.31753607E+01  0.63507213E+01  0.60000000E+08     1
    32    15    32       12        2     0.11463038E+03  0.11145585E+03  0.50000000E+00  0.31745299E+01  0.63490598E+01  0.60000000E+08     1
    32    15    33       12        2     0.11107523E+03  0.10789855E+03  0.50000000E+00  0.31766758E+01  0.63533515E+01  0.60000000E+08     1
    32    15    34       12        2     0.10753133E+03  0.10434913E+03  0.50000000E+00  0.31821912E+01  0.63643823E+01  0.60000000E+08     1
    32    15    35       12        2     0.10399731E+03  0.10080633E+03  0.50000000E+00  0.31909815E+01  0.63819630E+01  0.60000000E+08     1
    32    15    36       12        2     0.10047226E+03  0.97269028E+02  0.50000000E+00  0.32032348E+01  0.64064696E+01  0.60000000E+08     1
    32    15    37       12        2     0.96955596E+02  0.93735758E+02  0.50000000E+00  0.32198381E+01  0.64396761E+01  0.60000000E+08     1
    32    15    38       12        2     0.93446553E+02  0.90204327E+02  0.50000000E+00  0.32422268E+01  0.64844536E+01  0.60000000E+08     1
    32    15    39       12        2     0.89944070E+02  0.86671385E+02  0.50000000E+00  0.32726847E+01  0.65453694E+01  0.60000000E+08     1
    32    15    40       12        2     0.86446631E+02  0.83131509E+02  0.50000000E+00  0.33151216E+01  0.66302432E+01  0.60000000E+08     1
    32    15    41       12        2     0.82951994E+02  0.79575263E+02  0.50000000E+00  0.33767304E+01  0.67534608E+01  0.60000000E+08     1
    32    15    42       12        2     0.79456586E+02  0.75984904E+02  0.50000000E+00  0.34716819E+01  0.69433637E+01  0.60000000E+08     1
    32    15    43       12        2     0.75954188E+02  0.72324252E+02  0.50000000E+00  0.36299360E+01  0.72598721E+01  0.60000000E+08     1
    32    15    44       12        2     0.72433083E+02  0.68531442E+02  0.50000000E+00  0.39016411E+01  0.78032822E+01  0.60000000E+08     1
    32    15    45       12        2     0.68879902E+02  0.64669560E+02  0.50000000E+00  0.42103415E+01  0.84206831E+01  0.60000000E+08     1
    32    15    46       12        2     0.65269622E+02  0.60810325E+02  0.50000000E+00  0.44592974E+01  0.89185949E+01  0.60000000E+08     1
    32    15    47       12        2     0.61546713E+02  0.56994213E+02  0.50000000E+00  0.45524997E+01  0.91049994E+01  0.60000000E+08     1
    32    15    48       12        2     0.57765982E+02  0.53259247E+02  0.50000000E+00  0.45067352E+01  0.90134705E+01  0.60000000E+08     1
    32    15    49       12        2     0.54022469E+02  0.49667649E+02  0.50000000E+00  0.43548193E+01  0.87096386E+01  0.60000000E+08     1
    32    15    50       12        2     0.50402672E+02  0.46839711E+02  0.50000000E+00  0.35629609E+01  0.71259219E+01  0.60000000E+08     1
    32    15    51        9        2     0.47525936E+02  0.43918630E+02  0.50000000E+00  0.36073067E+01  0.72146133E+01  0.60000000E+08     1
    32    15    52        8        2     0.44488324E+02  0.40376437E+02  0.50000000E+00  0.41118866E+01  0.82237732E+01  0.60000000E+08     1
    32    15    53        8        2     0.40806170E+02  0.36129785E+02  0.50000000E+00  0.46763857E+01  0.93527713E+01  0.60000000E+08     1
    32    15    54        7        2     0.36433894E+02  0.31150589E+02  0.50000000E+00  0.52833046E+01  0.10566609E+02  0.60000000E+08     1
    32    15    55        7        2     0.31336724E+02  0.26234622E+02  0.50000000E+00  0.51021015E+01  0.10204203E+02  0.60000000E+08     1
    32    15    56        7        2     0.26338523E+02  0.21462407E+02  0.50000000E+00  0.48761159E+01  0.97522318E+01  0.60000000E+08     1
    32    15    57        7        2     0.21511033E+02  0.17040457E+02  0.50000000E+00  0.44705762E+01  0.89411524E+01  0.60000000E+08     1
    79    23    31       12        2     0.11589532E+03  0.11190129E+03  0.50000000E+00  0.39940263E+01  0.79880526E+01  0.60000000E+08     1
    79    23    32       12        2     0.11229245E+03  0.10831165E+03  0.50000000E+00  0.39808025E+01  0.79616050E+01  0.60000000E+08     1
    79    23    33       12        2     0.10870676E+03  0.10473877E+03  0.50000000E+00  0.39679905E+01  0.79359809E+01  0.60000000E+08     1
    79    23    34       12        2     0.10513789E+03  0.10118208E+03  0.50000000E+00  0.39558116E+01  0.79116232E+01  0.60000000E+08     1
    79    23    35       12        2     0.10158533E+03  0.97640698E+02  0.50000000E+00  0.39446283E+01  0.78892566E+01  0.60000000E+08     1
    79    23    36       12        2     0.98048278E+02  0.94113242E+02  0.50000000E+00  0.39350364E+01  0.78700729E+01  0.60000000E+08     1
    79    23    37       12        2     0.94525523E+02  0.90597498E+02  0.50000000E+00  0.39280244E+01  0.78560489E+01  0.60000000E+08     1
    79    23    38       12        2     0.91015037E+02  0.87089785E+02  0.50000000E+00  0.39252523E+01  0.78505047E+01  0.60000000E+08     1
    79    23    39       12        2     0.87513317E+02  0.83583770E+02  0.50000000E+00  0.39295473E+01  0.78590946E+01  0.60000000E+08     1
    79    23    40       12        2     0.84014028E+02  0.80068237E+02  0.50000000E+00  0.39457908E+01  0.78915815E+01  0.60000000E+08     1
    79    23    41       12        2     0.80505263E+02  0.76522745E+02  0.50000000E+00  0.39825181E+01  0.79650362E+01  0.60000000E+08     1
    79    23    42       12        2     0.76963947E+02  0.72909137E+02  0.50000000E+00  0.40548097E+01  0.81096194E+01  0.60000000E+08     1
    79    23    43       12        2     0.73344238E+02  0.68506751E+02  0.50000000E+00  0.48374871E+01  0.96749742E+01  0.60000000E+08     1
    79    23    44        6        2     0.68899818E+02  0.64742587E+02  0.50000000E+00  0.41572313E+01  0.83144626E+01  0.60000000E+08     1
    79    23    45        9        2     0.65028058E+02  0.61703930E+02  0.50000000E+00  0.33241277E+01  0.66482555E+01  0.60000000E+08     1
    79    23    46        8        2     0.61841448E+02  0.57964762E+02  0.50000000E+00  0.38766860E+01  0.77533721E+01  0.60000000E+08     1
    79    23    47        8        2     0.57959477E+02  0.53428196E+02  0.50000000E+00  0.45312808E+01  0.90625615E+01  0.60000000E+08     1
    79    23    48        7        2     0.53367188E+02  0.48175945E+02  0.50000000E+00  0.51912428E+01  0.10382486E+02  0.60000000E+08     1
    79    23    49        7        2     0.48091979E+02  0.42972006E+02  0.50000000E+00  0.51199727E+01  0.10239945E+02  0.60000000E+08     1
    79    23    50        7        2     0.42882845E+02  0.37780273E+02  0.50000000E+00  0.51025724E+01  0.10205145E+02  0.60000000E+08     1
    79    23    51        7        2     0.37699023E+02  0.32571487E+02  0.50000000E+00  0.51275361E+01  0.10255072E+02  0.60000000E+08     1
    79    23    52        7        2     0.32520841E+02  0.27557691E+02  0.50000000E+00  0.49631508E+01  0.99263017E+01  0.60000000E+08     1
    79    23    53        6        2     0.27536948E+02  0.22740615E+02  0.50000000E+00  0.47963332E+01  0.95926664E+01  0.60000000E+08     1
    79    23    54        6        2     0.22732237E+02  0.17889341E+02  0.50000000E+00  0.48428956E+01  0.96857912E+01  0.60000000E+08     1
    54    35    18       12        2     0.16694957E+03  0.16379233E+03  0.50000000E+00  0.31572376E+01  0.63144753E+01  0.60000000E+08     1
    54    35    19       12        2     0.16317230E+03  0.16005174E+03  0.50000000E+00  0.31205629E+01  0.62411258E+01  0.60000000E+08     1
    54    35    20       12        2     0.15941685E+03  0.15630407E+03  0.50000000E+00  0.31127749E+01  0.62255498E+01  0.60000000E+08     1
    54    35    21       12        2     0.15568866E+03  0.15255215E+03  0.50000000E+00  0.31365164E+01  0.62730328E+01  0.60000000E+08     1
    54    35    22       11        2     0.15195706E+03  0.14882833E+03  0.50000000E+00  0.31287319E+01  0.62574639E+01  0.60000000E+08     1
    54    35    23       11        2     0.14822330E+03  0.14512802E+03  0.50000000E+00  0.30952830E+01  0.61905659E+01  0.60000000E+08     1
    54    35    24       11        2     0.14452063E+03  0.14145250E+03  0.50000000E+00  0.30681346E+01  0.61362691E+01  0.60000000E+08     1
    54    35    25       11        2     0.14084200E+03  0.13780218E+03  0.50000000E+00  0.30398187E+01  0.60796373E+01  0.60000000E+08     1
    54    35    26       11        2     0.13718492E+03  0.13417776E+03  0.50000000E+00  0.30071623E+01  0.60143246E+01  0.60000000E+08     1
    54    35    27       11        2     0.13355184E+03  0.13058006E+03  0.50000000E+00  0.29717861E+01  0.59435722E+01  0.60000000E+08     1
    54    35    28       11        2     0.12994411E+03  0.12701003E+03  0.50000000E+00  0.29340760E+01  0.58681520E+01  0.60000000E+08     1
    54    35    29       11        2     0.12636266E+03  0.12346885E+03  0.50000000E+00  0.28938079E+01  0.57876157E+01  0.60000000E+08     1
    54    35    30       11        2     0.12280836E+03  0.11995803E+03  0.50000000E+00  0.28503322E+01  0.57006643E+01  0.60000000E+08     1
    54    35    31       11        2     0.11928208E+03  0.11647959E+03  0.50000000E+00  0.28024888E+01  0.56049776E+01  0.60000000E+08     1
    54    35    32       11        2     0.11578467E+03  0.11303626E+03  0.50000000E+00  0.27484111E+01  0.54968221E+01  0.60000000E+08     1
    54    35    33       11        2     0.11231702E+03  0.10963170E+03  0.50000000E+00  0.26853200E+01  0.53706399E+01  0.60000000E+08     1
    54    35    34       11        2     0.10887999E+03  0.10627044E+03  0.50000000E+00  0.26095522E+01  0.52191043E+01  0.60000000E+08     1
    54    35    35       11        2     0.10547457E+03  0.10295704E+03  0.50000000E+00  0.25175277E+01  0.50350553E+01  0.60000000E+08     1
    54    35    36       11        2     0.10210235E+03  0.98804323E+02  0.50000000E+00  0.32980319E+01  0.65960638E+01  0.60000000E+08     1
    54    35    37       11        2     0.98767348E+02  0.93801123E+02  0.50000000E+00  0.49662253E+01  0.99324505E+01  0.60000000E+08     1
    54    35    38       10        2     0.94579354E+02  0.88818554E+02  0.50000000E+00  0.57608003E+01  0.11521601E+02  0.60000000E+08     1
    54    35    39       10        2     0.89537867E+02  0.83852054E+02  0.50000000E+00  0.56858122E+01  0.11371624E+02  0.60000000E+08     1
    54    35    40       10        2     0.84529871E+02  0.78904814E+02  0.50000000E+00  0.56250574E+01  0.11250115E+02  0.60000000E+08     1
    54    35    41       10        2     0.79550029E+02  0.73984686E+02  0.50000000E+00  0.55653425E+01  0.11130685E+02  0.60000000E+08     1
    54    35    42       10        2     0.74600738E+02  0.69104925E+02  0.50000000E+00  0.54958131E+01  0.10991626E+02  0.60000000E+08     1
    54    35    43       10        2     0.69691869E+02  0.64288775E+02  0.50000000E+00  0.54030937E+01  0.10806187E+02  0.60000000E+08     1
    54    35    44       10        2     0.64844722E+02  0.59580391E+02  0.50000000E+00  0.52643316E+01  0.10528663E+02  0.60000000E+08     1
    54    35    45       10        2     0.60102579E+02  0.55068754E+02  0.50000000E+00  0.50338251E+01  0.10067650E+02  0.60000000E+08     1
    54    35    46       10        2     0.55554521E+02  0.51962377E+02  0.50000000E+00  0.35921446E+01  0.71842892E+01  0.60000000E+08     1
    54    35    47        9        2     0.52417964E+02  0.50067965E+02  0.50000000E+00  0.23499993E+01  0.46999986E+01  0.60000000E+08     1
    54    35    48        9        2     0.50500575E+02  0.47497134E+02  0.50000000E+00  0.30034415E+01  0.60068830E+01  0.60000000E+08     1
    54    35    49        8        2     0.47895373E+02  0.44277886E+02  0.50000000E+00  0.36174876E+01  0.72349752E+01  0.60000000E+08     1
    54    35    50        8        2     0.44632488E+02  0.40344676E+02  0.50000000E+00  0.42878120E+01  0.85756241E+01  0.60000000E+08     1
    54    35    51        7        2     0.40647822E+02  0.35710074E+02  0.50000000E+00  0.49377481E+01  0.98754962E+01  0.60000000E+08     1
    54    35    52        7        2     0.35953177E+02  0.31108668E+02  0.50000000E+00  0.48445097E+01  0.96890195E+01  0.60000000E+08     1
    54    35    53        7        2     0.31291537E+02  0.26543506E+02  0.50000000E+00  0.47480307E+01  0.94960615E+01  0.60000000E+08     1
    54    35    54        7        2     0.26668514E+02  0.22014892E+02  0.50000000E+00  0.46536220E+01  0.93072440E+01  0.60000000E+08     1
    54    35    55        7        2     0.22086874E+02  0.17520305E+02  0.50000000E+00  0.45665689E+01  0.91331378E+01  0.60000000E+08     1
    50    45    27       11        2     0.13532585E+03  0.13259854E+03  0.50000000E+00  0.27273081E+01  0.54546163E+01  0.60000000E+08     1
    50    45    28       11        2     0.13178128E+03  0.12910242E+03  0.50000000E+00  0.26788576E+01  0.53577152E+01  0.60000000E+08     1
    50    45    29       11        2     0.12826460E+03  0.12563626E+03  0.50000000E+00  0.26283391E+01  0.52566783E+01  0.60000000E+08     1
    50    45    30       11        2     0.12477618E+03  0.12220110E+03  0.50000000E+00  0.25750853E+01  0.51501706E+01  0.60000000E+08     1
    50    45    31       11        2     0.12131644E+03  0.11879860E+03  0.50000000E+00  0.25178384E+01  0.50356769E+01  0.60000000E+08     1
    50    45    32       11        2     0.11788577E+03  0.11543170E+03  0.50000000E+00  0.24540688E+01  0.49081376E+01  0.60000000E+08     1
    50    45    33       11        2     0.11448436E+03  0.11210601E+03  0.50000000E+00  0.23783494E+01  0.47566988E+01  0.60000000E+08     1
    50    45    34       11        2     0.11111172E+03  0.10883341E+03  0.50000000E+00  0.22783102E+01  0.45566205E+01  0.60000000E+08     1
    50    45    35       11        2     0.10776528E+03  0.10564108E+03  0.50000000E+00  0.21241957E+01  0.42483915E+01  0.60000000E+08     1
    50    45    36       11        2     0.10443666E+03  0.10177092E+03  0.50000000E+00  0.26657403E+01  0.53314806E+01  0.60000000E+08     1
    50    45    37       11        2     0.10110153E+03  0.97079256E+02  0.50000000E+00  0.40222730E+01  0.80445461E+01  0.60000000E+08     1
    50    45    38       11        2     0.97691229E+02  0.92265274E+02  0.50000000E+00  0.54259548E+01  0.10851910E+02  0.60000000E+08     1
    50    45    39       10        2     0.93417396E+02  0.87417734E+02  0.50000000E+00  0.59996620E+01  0.11999324E+02  0.60000000E+08     1
    50    45    40       10        2     0.88401494E+02  0.82571674E+02  0.50000000E+00  0.58298196E+01  0.11659639E+02  0.60000000E+08     1
    50    45    41       10        2     0.83470619E+02  0.77742553E+02  0.50000000E+00  0.57280658E+01  0.11456132E+02  0.60000000E+08     1
    50    45    42       10        2     0.78588415E+02  0.72938417E+02  0.50000000E+00  0.56499980E+01  0.11299996E+02  0.60000000E+08     1
    50    45    43       10        2     0.73741550E+02  0.68163863E+02  0.50000000E+00  0.55776871E+01  0.11155374E+02  0.60000000E+08     1
    50    45    44       10        2     0.68924708E+02  0.63420688E+02  0.50000000E+00  0.55040201E+01  0.11008040E+02  0.60000000E+08     1
    50    45    45       10        2     0.64133891E+02  0.58707157E+02  0.50000000E+00  0.54267334E+01  0.10853467E+02  0.60000000E+08     1
    50    45    46       10        2     0.59362767E+02  0.55386813E+02  0.50000000E+00  0.39759544E+01  0.79519089E+01  0.60000000E+08     1
    50    45    47        9        2     0.55990948E+02  0.53448281E+02  0.50000000E+00  0.25426670E+01  0.50853340E+01  0.60000000E+08     1
    50    45    48        9        2     0.54005895E+02  0.50878415E+02  0.50000000E+00  0.31274804E+01  0.62549608E+01  0.60000000E+08     1
    50    45    49        8        2     0.51364754E+02  0.47683527E+02  0.50000000E+00  0.36812274E+01  0.73624549E+01  0.60000000E+08     1
    50    45    50        8        2     0.48082386E+02  0.43794502E+02  0.50000000E+00  0.42878842E+01  0.85757683E+01  0.60000000E+08     1
    50    45    51        7        2     0.44099238E+02  0.39215953E+02  0.50000000E+00  0.48832855E+01  0.97665711E+01  0.60000000E+08     1
    50    45    52        7        2     0.39427602E+02  0.34663423E+02  0.50000000E+00  0.47641794E+01  0.95283588E+01  0.60000000E+08     1
    50    45    53        7        2     0.34798733E+02  0.30133358E+02  0.50000000E+00  0.46653743E+01  0.93307486E+01  0.60000000E+08     1
    50    45    54        7        2     0.30206751E+02  0.25616682E+02  0.50000000E+00  0.45900688E+01  0.91801376E+01  0.60000000E+08     1
    50    45    55        7        2     0.25645026E+02  0.21304517E+02  0.50000000E+00  0.43405091E+01  0.86810182E+01  0.60000000E+08     1
