% Shemat-Suite version: SHEMAT-Suite 9.0 (Freely)                                                       
% data fit at iteration                final
%    i     j     k     unit     type               calc             obs             err            diff             res            time  ozone
    32    15    21       12        2     0.15512510E+03  0.15145234E+03  0.50000000E+00  0.36727637E+01  0.73455273E+01  0.60000000E+08     1
    32    15    22       12        2     0.15139442E+03  0.14773580E+03  0.50000000E+00  0.36586222E+01  0.73172443E+01  0.60000000E+08     1
    32    15    23       12        2     0.14768281E+03  0.14403725E+03  0.50000000E+00  0.36455606E+01  0.72911211E+01  0.60000000E+08     1
    32    15    24       12        2     0.14398990E+03  0.14035619E+03  0.50000000E+00  0.36337140E+01  0.72674279E+01  0.60000000E+08     1
    32    15    25       12        2     0.14031525E+03  0.13669201E+03  0.50000000E+00  0.36232390E+01  0.72464779E+01  0.60000000E+08     1
    32    15    26       12        2     0.13665838E+03  0.13304408E+03  0.50000000E+00  0.36143006E+01  0.72286012E+01  0.60000000E+08     1
    32    15    27       12        2     0.13301874E+03  0.12941170E+03  0.50000000E+00  0.36070474E+01  0.72140947E+01  0.60000000E+08     1
    32    15    28       12        2     0.12939574E+03  0.12579415E+03  0.50000000E+00  0.36015900E+01  0.72031799E+01  0.60000000E+08     1
    32    15    29       12        2     0.12578877E+03  0.12219071E+03  0.50000000E+00  0.35980581E+01  0.71961162E+01  0.60000000E+08     1
    32    15    30       12        2     0.12219721E+03  0.11860055E+03  0.50000000E+00  0.35966563E+01  0.71933126E+01  0.60000000E+08     1
    32    15    31       12        2     0.11862035E+03  0.11502268E+03  0.50000000E+00  0.35976640E+01  0.71953280E+01  0.60000000E+08     1
    32    15    32       12        2     0.11505726E+03  0.11145585E+03  0.50000000E+00  0.36014137E+01  0.72028274E+01  0.60000000E+08     1
    32    15    33       12        2     0.11150679E+03  0.10789855E+03  0.50000000E+00  0.36082407E+01  0.72164814E+01  0.60000000E+08     1
    32    15    34       12        2     0.10796747E+03  0.10434913E+03  0.50000000E+00  0.36183356E+01  0.72366711E+01  0.60000000E+08     1
    32    15    35       12        2     0.10443763E+03  0.10080633E+03  0.50000000E+00  0.36313017E+01  0.72626035E+01  0.60000000E+08     1
    32    15    36       12        2     0.10091591E+03  0.97269028E+02  0.50000000E+00  0.36468821E+01  0.72937643E+01  0.60000000E+08     1
    32    15    37       12        2     0.97401049E+02  0.93735758E+02  0.50000000E+00  0.36652908E+01  0.73305817E+01  0.60000000E+08     1
    32    15    38       12        2     0.93891295E+02  0.90204327E+02  0.50000000E+00  0.36869679E+01  0.73739359E+01  0.60000000E+08     1
    32    15    39       12        2     0.90384113E+02  0.86671385E+02  0.50000000E+00  0.37127280E+01  0.74254560E+01  0.60000000E+08     1
    32    15    40       12        2     0.86875825E+02  0.83131509E+02  0.50000000E+00  0.37443164E+01  0.74886328E+01  0.60000000E+08     1
    32    15    41       12        2     0.83361035E+02  0.79575263E+02  0.50000000E+00  0.37857715E+01  0.75715429E+01  0.60000000E+08     1
    32    15    42       12        2     0.79831705E+02  0.75984904E+02  0.50000000E+00  0.38468015E+01  0.76936030E+01  0.60000000E+08     1
    32    15    43       12        2     0.76275712E+02  0.72324252E+02  0.50000000E+00  0.39514606E+01  0.79029213E+01  0.60000000E+08     1
    32    15    44       12        2     0.72674599E+02  0.68531442E+02  0.50000000E+00  0.41431566E+01  0.82863132E+01  0.60000000E+08     1
    32    15    45       12        2     0.69011127E+02  0.64669560E+02  0.50000000E+00  0.43415669E+01  0.86831339E+01  0.60000000E+08     1
    32    15    46       12        2     0.65235340E+02  0.60810325E+02  0.50000000E+00  0.44250149E+01  0.88500298E+01  0.60000000E+08     1
    32    15    47       12        2     0.61400614E+02  0.56994213E+02  0.50000000E+00  0.44064013E+01  0.88128026E+01  0.60000000E+08     1
    32    15    48       12        2     0.57583280E+02  0.53259247E+02  0.50000000E+00  0.43240332E+01  0.86480664E+01  0.60000000E+08     1
    32    15    49       12        2     0.53834496E+02  0.49667649E+02  0.50000000E+00  0.41668464E+01  0.83336928E+01  0.60000000E+08     1
    32    15    50       12        2     0.50217827E+02  0.46839711E+02  0.50000000E+00  0.33781163E+01  0.67562327E+01  0.60000000E+08     1
    32    15    51        9        2     0.47351339E+02  0.43918630E+02  0.50000000E+00  0.34327098E+01  0.68654197E+01  0.60000000E+08     1
    32    15    52        8        2     0.44330462E+02  0.40376437E+02  0.50000000E+00  0.39540246E+01  0.79080491E+01  0.60000000E+08     1
    32    15    53        8        2     0.40670677E+02  0.36129785E+02  0.50000000E+00  0.45408921E+01  0.90817842E+01  0.60000000E+08     1
    32    15    54        7        2     0.36323763E+02  0.31150589E+02  0.50000000E+00  0.51731742E+01  0.10346348E+02  0.60000000E+08     1
    32    15    55        7        2     0.31254870E+02  0.26234622E+02  0.50000000E+00  0.50202473E+01  0.10040495E+02  0.60000000E+08     1
    32    15    56        7        2     0.26283202E+02  0.21462407E+02  0.50000000E+00  0.48207955E+01  0.96415910E+01  0.60000000E+08     1
    32    15    57        7        2     0.21480183E+02  0.17040457E+02  0.50000000E+00  0.44397256E+01  0.88794513E+01  0.60000000E+08     1
    79    23    31       12        2     0.11597894E+03  0.11190129E+03  0.50000000E+00  0.40776488E+01  0.81552976E+01  0.60000000E+08     1
    79    23    32       12        2     0.11237327E+03  0.10831165E+03  0.50000000E+00  0.40616194E+01  0.81232389E+01  0.60000000E+08     1
    79    23    33       12        2     0.10878474E+03  0.10473877E+03  0.50000000E+00  0.40459705E+01  0.80919410E+01  0.60000000E+08     1
    79    23    34       12        2     0.10521301E+03  0.10118208E+03  0.50000000E+00  0.40309269E+01  0.80618537E+01  0.60000000E+08     1
    79    23    35       12        2     0.10165755E+03  0.97640698E+02  0.50000000E+00  0.40168547E+01  0.80337095E+01  0.60000000E+08     1
    79    23    36       12        2     0.98117595E+02  0.94113242E+02  0.50000000E+00  0.40043536E+01  0.80087072E+01  0.60000000E+08     1
    79    23    37       12        2     0.94591914E+02  0.90597498E+02  0.50000000E+00  0.39944153E+01  0.79888306E+01  0.60000000E+08     1
    79    23    38       12        2     0.91078488E+02  0.87089785E+02  0.50000000E+00  0.39887031E+01  0.79774062E+01  0.60000000E+08     1
    79    23    39       12        2     0.87573817E+02  0.83583770E+02  0.50000000E+00  0.39900464E+01  0.79800927E+01  0.60000000E+08     1
    79    23    40       12        2     0.84071564E+02  0.80068237E+02  0.50000000E+00  0.40033272E+01  0.80066544E+01  0.60000000E+08     1
    79    23    41       12        2     0.80559823E+02  0.76522745E+02  0.50000000E+00  0.40370781E+01  0.80741563E+01  0.60000000E+08     1
    79    23    42       12        2     0.77015507E+02  0.72909137E+02  0.50000000E+00  0.41063702E+01  0.82127405E+01  0.60000000E+08     1
    79    23    43       12        2     0.73392753E+02  0.68506751E+02  0.50000000E+00  0.48860021E+01  0.97720043E+01  0.60000000E+08     1
    79    23    44        6        2     0.68944604E+02  0.64742587E+02  0.50000000E+00  0.42020170E+01  0.84040340E+01  0.60000000E+08     1
    79    23    45        9        2     0.65069614E+02  0.61703930E+02  0.50000000E+00  0.33656836E+01  0.67313671E+01  0.60000000E+08     1
    79    23    46        8        2     0.61880245E+02  0.57964762E+02  0.50000000E+00  0.39154822E+01  0.78309645E+01  0.60000000E+08     1
    79    23    47        8        2     0.57994975E+02  0.53428196E+02  0.50000000E+00  0.45667792E+01  0.91335585E+01  0.60000000E+08     1
    79    23    48        7        2     0.53398797E+02  0.48175945E+02  0.50000000E+00  0.52228527E+01  0.10445705E+02  0.60000000E+08     1
    79    23    49        7        2     0.48119175E+02  0.42972006E+02  0.50000000E+00  0.51471683E+01  0.10294337E+02  0.60000000E+08     1
    79    23    50        7        2     0.42905697E+02  0.37780273E+02  0.50000000E+00  0.51254237E+01  0.10250847E+02  0.60000000E+08     1
    79    23    51        7        2     0.37717569E+02  0.32571487E+02  0.50000000E+00  0.51460820E+01  0.10292164E+02  0.60000000E+08     1
    79    23    52        7        2     0.32535107E+02  0.27557691E+02  0.50000000E+00  0.49774159E+01  0.99548318E+01  0.60000000E+08     1
    79    23    53        6        2     0.27547119E+02  0.22740615E+02  0.50000000E+00  0.48065037E+01  0.96130074E+01  0.60000000E+08     1
    79    23    54        6        2     0.22738489E+02  0.17889341E+02  0.50000000E+00  0.48491474E+01  0.96982948E+01  0.60000000E+08     1
    54    35    18       12        2     0.16728813E+03  0.16379233E+03  0.50000000E+00  0.34957995E+01  0.69915991E+01  0.60000000E+08     1
    54    35    19       12        2     0.16350770E+03  0.16005174E+03  0.50000000E+00  0.34559657E+01  0.69119314E+01  0.60000000E+08     1
    54    35    20       12        2     0.15974801E+03  0.15630407E+03  0.50000000E+00  0.34439393E+01  0.68878785E+01  0.60000000E+08     1
    54    35    21       12        2     0.15601449E+03  0.15255215E+03  0.50000000E+00  0.34623474E+01  0.69246948E+01  0.60000000E+08     1
    54    35    22       11        2     0.15227628E+03  0.14882833E+03  0.50000000E+00  0.34479426E+01  0.68958852E+01  0.60000000E+08     1
    54    35    23       11        2     0.14853397E+03  0.14512802E+03  0.50000000E+00  0.34059504E+01  0.68119008E+01  0.60000000E+08     1
    54    35    24       11        2     0.14481897E+03  0.14145250E+03  0.50000000E+00  0.33664747E+01  0.67329493E+01  0.60000000E+08     1
    54    35    25       11        2     0.14112630E+03  0.13780218E+03  0.50000000E+00  0.33241267E+01  0.66482534E+01  0.60000000E+08     1
    54    35    26       11        2     0.13745719E+03  0.13417776E+03  0.50000000E+00  0.32794342E+01  0.65588684E+01  0.60000000E+08     1
    54    35    27       11        2     0.13381208E+03  0.13058006E+03  0.50000000E+00  0.32320249E+01  0.64640497E+01  0.60000000E+08     1
    54    35    28       11        2     0.13019161E+03  0.12701003E+03  0.50000000E+00  0.31815784E+01  0.63631568E+01  0.60000000E+08     1
    54    35    29       11        2     0.12659647E+03  0.12346885E+03  0.50000000E+00  0.31276158E+01  0.62552316E+01  0.60000000E+08     1
    54    35    30       11        2     0.12302741E+03  0.11995803E+03  0.50000000E+00  0.30693788E+01  0.61387576E+01  0.60000000E+08     1
    54    35    31       11        2     0.11948529E+03  0.11647959E+03  0.50000000E+00  0.30057067E+01  0.60114135E+01  0.60000000E+08     1
    54    35    32       11        2     0.11597116E+03  0.11303626E+03  0.50000000E+00  0.29349062E+01  0.58698125E+01  0.60000000E+08     1
    54    35    33       11        2     0.11248639E+03  0.10963170E+03  0.50000000E+00  0.28546910E+01  0.57093819E+01  0.60000000E+08     1
    54    35    34       11        2     0.10903289E+03  0.10627044E+03  0.50000000E+00  0.27624493E+01  0.55248986E+01  0.60000000E+08     1
    54    35    35       11        2     0.10561358E+03  0.10295704E+03  0.50000000E+00  0.26565426E+01  0.53130853E+01  0.60000000E+08     1
    54    35    36       11        2     0.10223319E+03  0.98804323E+02  0.50000000E+00  0.34288655E+01  0.68577311E+01  0.60000000E+08     1
    54    35    37       11        2     0.98899610E+02  0.93801123E+02  0.50000000E+00  0.50984865E+01  0.10196973E+02  0.60000000E+08     1
    54    35    38       10        2     0.94728305E+02  0.88818554E+02  0.50000000E+00  0.59097504E+01  0.11819501E+02  0.60000000E+08     1
    54    35    39       10        2     0.89705666E+02  0.83852054E+02  0.50000000E+00  0.58536112E+01  0.11707222E+02  0.60000000E+08     1
    54    35    40       10        2     0.84701860E+02  0.78904814E+02  0.50000000E+00  0.57970460E+01  0.11594092E+02  0.60000000E+08     1
    54    35    41       10        2     0.79714898E+02  0.73984686E+02  0.50000000E+00  0.57302116E+01  0.11460423E+02  0.60000000E+08     1
    54    35    42       10        2     0.74752027E+02  0.69104925E+02  0.50000000E+00  0.56471025E+01  0.11294205E+02  0.60000000E+08     1
    54    35    43       10        2     0.69826588E+02  0.64288775E+02  0.50000000E+00  0.55378124E+01  0.11075625E+02  0.60000000E+08     1
    54    35    44       10        2     0.64962020E+02  0.59580391E+02  0.50000000E+00  0.53816291E+01  0.10763258E+02  0.60000000E+08     1
    54    35    45       10        2     0.60202941E+02  0.55068754E+02  0.50000000E+00  0.51341874E+01  0.10268375E+02  0.60000000E+08     1
    54    35    46       10        2     0.55639452E+02  0.51962377E+02  0.50000000E+00  0.36770753E+01  0.73541506E+01  0.60000000E+08     1
    54    35    47        9        2     0.52491830E+02  0.50067965E+02  0.50000000E+00  0.24238654E+01  0.48477307E+01  0.60000000E+08     1
    54    35    48        9        2     0.50568457E+02  0.47497134E+02  0.50000000E+00  0.30713236E+01  0.61426471E+01  0.60000000E+08     1
    54    35    49        8        2     0.47956361E+02  0.44277886E+02  0.50000000E+00  0.36784755E+01  0.73569510E+01  0.60000000E+08     1
    54    35    50        8        2     0.44685728E+02  0.40344676E+02  0.50000000E+00  0.43410524E+01  0.86821048E+01  0.60000000E+08     1
    54    35    51        7        2     0.40692623E+02  0.35710074E+02  0.50000000E+00  0.49825486E+01  0.99650972E+01  0.60000000E+08     1
    54    35    52        7        2     0.35988773E+02  0.31108668E+02  0.50000000E+00  0.48801058E+01  0.97602117E+01  0.60000000E+08     1
    54    35    53        7        2     0.31318568E+02  0.26543506E+02  0.50000000E+00  0.47750612E+01  0.95501224E+01  0.60000000E+08     1
    54    35    54        7        2     0.26687507E+02  0.22014892E+02  0.50000000E+00  0.46726148E+01  0.93452297E+01  0.60000000E+08     1
    54    35    55        7        2     0.22098241E+02  0.17520305E+02  0.50000000E+00  0.45779361E+01  0.91558722E+01  0.60000000E+08     1
    50    45    27       11        2     0.13578179E+03  0.13259854E+03  0.50000000E+00  0.31832462E+01  0.63664924E+01  0.60000000E+08     1
    50    45    28       11        2     0.13224325E+03  0.12910242E+03  0.50000000E+00  0.31408277E+01  0.62816553E+01  0.60000000E+08     1
    50    45    29       11        2     0.12873305E+03  0.12563626E+03  0.50000000E+00  0.30967889E+01  0.61935779E+01  0.60000000E+08     1
    50    45    30       11        2     0.12525167E+03  0.12220110E+03  0.50000000E+00  0.30505721E+01  0.61011442E+01  0.60000000E+08     1
    50    45    31       11        2     0.12179979E+03  0.11879860E+03  0.50000000E+00  0.30011841E+01  0.60023683E+01  0.60000000E+08     1
    50    45    32       11        2     0.11837841E+03  0.11543170E+03  0.50000000E+00  0.29467122E+01  0.58934244E+01  0.60000000E+08     1
    50    45    33       11        2     0.11498914E+03  0.11210601E+03  0.50000000E+00  0.28831287E+01  0.57662574E+01  0.60000000E+08     1
    50    45    34       11        2     0.11163459E+03  0.10883341E+03  0.50000000E+00  0.28011760E+01  0.56023520E+01  0.60000000E+08     1
    50    45    35       11        2     0.10831901E+03  0.10564108E+03  0.50000000E+00  0.26779307E+01  0.53558614E+01  0.60000000E+08     1
    50    45    36       11        2     0.10504896E+03  0.10177092E+03  0.50000000E+00  0.32780383E+01  0.65560767E+01  0.60000000E+08     1
    50    45    37       11        2     0.10183273E+03  0.97079256E+02  0.50000000E+00  0.47534784E+01  0.95069569E+01  0.60000000E+08     1
    50    45    38       10        2     0.97812828E+02  0.92265274E+02  0.50000000E+00  0.55475535E+01  0.11095107E+02  0.60000000E+08     1
    50    45    39       10        2     0.92959780E+02  0.87417734E+02  0.50000000E+00  0.55420458E+01  0.11084092E+02  0.60000000E+08     1
    50    45    40       10        2     0.88104976E+02  0.82571674E+02  0.50000000E+00  0.55333019E+01  0.11066604E+02  0.60000000E+08     1
    50    45    41       10        2     0.83252158E+02  0.77742553E+02  0.50000000E+00  0.55096047E+01  0.11019209E+02  0.60000000E+08     1
    50    45    42       10        2     0.78410468E+02  0.72938417E+02  0.50000000E+00  0.54720504E+01  0.10944101E+02  0.60000000E+08     1
    50    45    43       10        2     0.73587189E+02  0.68163863E+02  0.50000000E+00  0.54233266E+01  0.10846653E+02  0.60000000E+08     1
    50    45    44       10        2     0.68786419E+02  0.63420688E+02  0.50000000E+00  0.53657308E+01  0.10731462E+02  0.60000000E+08     1
    50    45    45       10        2     0.64008454E+02  0.58707157E+02  0.50000000E+00  0.53012962E+01  0.10602592E+02  0.60000000E+08     1
    50    45    46       10        2     0.59248921E+02  0.55386813E+02  0.50000000E+00  0.38621088E+01  0.77242175E+01  0.60000000E+08     1
    50    45    47        9        2     0.55885204E+02  0.53448281E+02  0.50000000E+00  0.24369237E+01  0.48738473E+01  0.60000000E+08     1
    50    45    48        9        2     0.53905152E+02  0.50878415E+02  0.50000000E+00  0.30267367E+01  0.60534735E+01  0.60000000E+08     1
    50    45    49        8        2     0.51270740E+02  0.47683527E+02  0.50000000E+00  0.35872129E+01  0.71744259E+01  0.60000000E+08     1
    50    45    50        8        2     0.47996786E+02  0.43794502E+02  0.50000000E+00  0.42022843E+01  0.84045686E+01  0.60000000E+08     1
    50    45    51        7        2     0.44023884E+02  0.39215953E+02  0.50000000E+00  0.48079314E+01  0.96158628E+01  0.60000000E+08     1
    50    45    52        7        2     0.39364263E+02  0.34663423E+02  0.50000000E+00  0.47008407E+01  0.94016814E+01  0.60000000E+08     1
    50    45    53        7        2     0.34747361E+02  0.30133358E+02  0.50000000E+00  0.46140024E+01  0.92280047E+01  0.60000000E+08     1
    50    45    54        7        2     0.30167289E+02  0.25616682E+02  0.50000000E+00  0.45506074E+01  0.91012149E+01  0.60000000E+08     1
    50    45    55        7        2     0.25617414E+02  0.21304517E+02  0.50000000E+00  0.43128970E+01  0.86257940E+01  0.60000000E+08     1
