% Shemat-Suite version: SHEMAT-Suite 9.0 (Freely)                                                       
% data fit at iteration                final
%    i     j     k     unit     type               calc             obs             err            diff             res            time  ozone
    32    15    21       12        2     0.15459829E+03  0.15145234E+03  0.50000000E+00  0.31459556E+01  0.62919111E+01  0.60000000E+08     1
    32    15    22       12        2     0.15086858E+03  0.14773580E+03  0.50000000E+00  0.31327790E+01  0.62655581E+01  0.60000000E+08     1
    32    15    23       12        2     0.14715771E+03  0.14403725E+03  0.50000000E+00  0.31204576E+01  0.62409152E+01  0.60000000E+08     1
    32    15    24       12        2     0.14346530E+03  0.14035619E+03  0.50000000E+00  0.31091099E+01  0.62182198E+01  0.60000000E+08     1
    32    15    25       12        2     0.13979089E+03  0.13669201E+03  0.50000000E+00  0.30988767E+01  0.61977534E+01  0.60000000E+08     1
    32    15    26       12        2     0.13613399E+03  0.13304408E+03  0.50000000E+00  0.30899092E+01  0.61798183E+01  0.60000000E+08     1
    32    15    27       12        2     0.13249404E+03  0.12941170E+03  0.50000000E+00  0.30823455E+01  0.61646910E+01  0.60000000E+08     1
    32    15    28       12        2     0.12887044E+03  0.12579415E+03  0.50000000E+00  0.30762923E+01  0.61525845E+01  0.60000000E+08     1
    32    15    29       12        2     0.12526259E+03  0.12219071E+03  0.50000000E+00  0.30718849E+01  0.61437699E+01  0.60000000E+08     1
    32    15    30       12        2     0.12166990E+03  0.11860055E+03  0.50000000E+00  0.30693500E+01  0.61386999E+01  0.60000000E+08     1
    32    15    31       12        2     0.11809169E+03  0.11502268E+03  0.50000000E+00  0.30690125E+01  0.61380251E+01  0.60000000E+08     1
    32    15    32       12        2     0.11452714E+03  0.11145585E+03  0.50000000E+00  0.30712858E+01  0.61425716E+01  0.60000000E+08     1
    32    15    33       12        2     0.11097519E+03  0.10789855E+03  0.50000000E+00  0.30766364E+01  0.61532727E+01  0.60000000E+08     1
    32    15    34       12        2     0.10743459E+03  0.10434913E+03  0.50000000E+00  0.30854591E+01  0.61709182E+01  0.60000000E+08     1
    32    15    35       12        2     0.10390399E+03  0.10080633E+03  0.50000000E+00  0.30976674E+01  0.61953347E+01  0.60000000E+08     1
    32    15    36       12        2     0.10038250E+03  0.97269028E+02  0.50000000E+00  0.31134675E+01  0.62269350E+01  0.60000000E+08     1
    32    15    37       12        2     0.96869544E+02  0.93735758E+02  0.50000000E+00  0.31337863E+01  0.62675727E+01  0.60000000E+08     1
    32    15    38       12        2     0.93364459E+02  0.90204327E+02  0.50000000E+00  0.31601319E+01  0.63202638E+01  0.60000000E+08     1
    32    15    39       12        2     0.89866292E+02  0.86671385E+02  0.50000000E+00  0.31949067E+01  0.63898134E+01  0.60000000E+08     1
    32    15    40       12        2     0.86373705E+02  0.83131509E+02  0.50000000E+00  0.32421961E+01  0.64843923E+01  0.60000000E+08     1
    32    15    41       12        2     0.82884682E+02  0.79575263E+02  0.50000000E+00  0.33094192E+01  0.66188384E+01  0.60000000E+08     1
    32    15    42       12        2     0.79395872E+02  0.75984904E+02  0.50000000E+00  0.34109679E+01  0.68219357E+01  0.60000000E+08     1
    32    15    43       12        2     0.75901113E+02  0.72324252E+02  0.50000000E+00  0.35768611E+01  0.71537221E+01  0.60000000E+08     1
    32    15    44       12        2     0.72388285E+02  0.68531442E+02  0.50000000E+00  0.38568431E+01  0.77136861E+01  0.60000000E+08     1
    32    15    45       12        2     0.68842845E+02  0.64669560E+02  0.50000000E+00  0.41732848E+01  0.83465697E+01  0.60000000E+08     1
    32    15    46       12        2     0.65238864E+02  0.60810325E+02  0.50000000E+00  0.44285396E+01  0.88570791E+01  0.60000000E+08     1
    32    15    47       12        2     0.61520792E+02  0.56994213E+02  0.50000000E+00  0.45265792E+01  0.90531584E+01  0.60000000E+08     1
    32    15    48       12        2     0.57744074E+02  0.53259247E+02  0.50000000E+00  0.44848272E+01  0.89696545E+01  0.60000000E+08     1
    32    15    49       12        2     0.54003947E+02  0.49667649E+02  0.50000000E+00  0.43362978E+01  0.86725956E+01  0.60000000E+08     1
    32    15    50       12        2     0.50387199E+02  0.46839711E+02  0.50000000E+00  0.35474875E+01  0.70949750E+01  0.60000000E+08     1
    32    15    51        9        2     0.47512383E+02  0.43918630E+02  0.50000000E+00  0.35937536E+01  0.71875073E+01  0.60000000E+08     1
    32    15    52        8        2     0.44476317E+02  0.40376437E+02  0.50000000E+00  0.40998796E+01  0.81997591E+01  0.60000000E+08     1
    32    15    53        8        2     0.40795777E+02  0.36129785E+02  0.50000000E+00  0.46659929E+01  0.93319859E+01  0.60000000E+08     1
    32    15    54        7        2     0.36425300E+02  0.31150589E+02  0.50000000E+00  0.52747108E+01  0.10549422E+02  0.60000000E+08     1
    32    15    55        7        2     0.31330166E+02  0.26234622E+02  0.50000000E+00  0.50955435E+01  0.10191087E+02  0.60000000E+08     1
    32    15    56        7        2     0.26333941E+02  0.21462407E+02  0.50000000E+00  0.48715342E+01  0.97430685E+01  0.60000000E+08     1
    32    15    57        7        2     0.21508368E+02  0.17040457E+02  0.50000000E+00  0.44679108E+01  0.89358215E+01  0.60000000E+08     1
    79    23    31       12        2     0.11583640E+03  0.11190129E+03  0.50000000E+00  0.39351017E+01  0.78702034E+01  0.60000000E+08     1
    79    23    32       12        2     0.11223542E+03  0.10831165E+03  0.50000000E+00  0.39237696E+01  0.78475391E+01  0.60000000E+08     1
    79    23    33       12        2     0.10865165E+03  0.10473877E+03  0.50000000E+00  0.39128758E+01  0.78257516E+01  0.60000000E+08     1
    79    23    34       12        2     0.10508472E+03  0.10118208E+03  0.50000000E+00  0.39026397E+01  0.78052793E+01  0.60000000E+08     1
    79    23    35       12        2     0.10153412E+03  0.97640698E+02  0.50000000E+00  0.38934216E+01  0.77868433E+01  0.60000000E+08     1
    79    23    36       12        2     0.97999057E+02  0.94113242E+02  0.50000000E+00  0.38858155E+01  0.77716311E+01  0.60000000E+08     1
    79    23    37       12        2     0.94478306E+02  0.90597498E+02  0.50000000E+00  0.38808078E+01  0.77616155E+01  0.60000000E+08     1
    79    23    38       12        2     0.90969841E+02  0.87089785E+02  0.50000000E+00  0.38800567E+01  0.77601134E+01  0.60000000E+08     1
    79    23    39       12        2     0.87470158E+02  0.83583770E+02  0.50000000E+00  0.38863882E+01  0.77727764E+01  0.60000000E+08     1
    79    23    40       12        2     0.83972921E+02  0.80068237E+02  0.50000000E+00  0.39046837E+01  0.78093673E+01  0.60000000E+08     1
    79    23    41       12        2     0.80466225E+02  0.76522745E+02  0.50000000E+00  0.39434803E+01  0.78869605E+01  0.60000000E+08     1
    79    23    42       12        2     0.76927001E+02  0.72909137E+02  0.50000000E+00  0.40178646E+01  0.80357293E+01  0.60000000E+08     1
    79    23    43       12        2     0.73309424E+02  0.68506751E+02  0.50000000E+00  0.48026735E+01  0.96053469E+01  0.60000000E+08     1
    79    23    44        6        2     0.68867631E+02  0.64742587E+02  0.50000000E+00  0.41250440E+01  0.82500880E+01  0.60000000E+08     1
    79    23    45        9        2     0.64998148E+02  0.61703930E+02  0.50000000E+00  0.32942178E+01  0.65884357E+01  0.60000000E+08     1
    79    23    46        8        2     0.61813501E+02  0.57964762E+02  0.50000000E+00  0.38487384E+01  0.76974768E+01  0.60000000E+08     1
    79    23    47        8        2     0.57933879E+02  0.53428196E+02  0.50000000E+00  0.45056828E+01  0.90113656E+01  0.60000000E+08     1
    79    23    48        7        2     0.53344375E+02  0.48175945E+02  0.50000000E+00  0.51684304E+01  0.10336861E+02  0.60000000E+08     1
    79    23    49        7        2     0.48072337E+02  0.42972006E+02  0.50000000E+00  0.51003301E+01  0.10200660E+02  0.60000000E+08     1
    79    23    50        7        2     0.42866329E+02  0.37780273E+02  0.50000000E+00  0.50860559E+01  0.10172112E+02  0.60000000E+08     1
    79    23    51        7        2     0.37685611E+02  0.32571487E+02  0.50000000E+00  0.51141241E+01  0.10228248E+02  0.60000000E+08     1
    79    23    52        7        2     0.32510521E+02  0.27557691E+02  0.50000000E+00  0.49528305E+01  0.99056609E+01  0.60000000E+08     1
    79    23    53        6        2     0.27529588E+02  0.22740615E+02  0.50000000E+00  0.47889729E+01  0.95779458E+01  0.60000000E+08     1
    79    23    54        6        2     0.22727711E+02  0.17889341E+02  0.50000000E+00  0.48383701E+01  0.96767402E+01  0.60000000E+08     1
    54    35    18       12        2     0.16675399E+03  0.16379233E+03  0.50000000E+00  0.29616589E+01  0.59233177E+01  0.60000000E+08     1
    54    35    19       12        2     0.16298176E+03  0.16005174E+03  0.50000000E+00  0.29300213E+01  0.58600426E+01  0.60000000E+08     1
    54    35    20       12        2     0.15923423E+03  0.15630407E+03  0.50000000E+00  0.29301589E+01  0.58603177E+01  0.60000000E+08     1
    54    35    21       12        2     0.15551262E+03  0.15255215E+03  0.50000000E+00  0.29604710E+01  0.59209421E+01  0.60000000E+08     1
    54    35    22       11        2     0.15178368E+03  0.14882833E+03  0.50000000E+00  0.29553520E+01  0.59107040E+01  0.60000000E+08     1
    54    35    23       11        2     0.14805025E+03  0.14512802E+03  0.50000000E+00  0.29222253E+01  0.58444507E+01  0.60000000E+08     1
    54    35    24       11        2     0.14434461E+03  0.14145250E+03  0.50000000E+00  0.28921168E+01  0.57842336E+01  0.60000000E+08     1
    54    35    25       11        2     0.14066228E+03  0.13780218E+03  0.50000000E+00  0.28601039E+01  0.57202079E+01  0.60000000E+08     1
    54    35    26       11        2     0.13700458E+03  0.13417776E+03  0.50000000E+00  0.28268238E+01  0.56536475E+01  0.60000000E+08     1
    54    35    27       11        2     0.13337195E+03  0.13058006E+03  0.50000000E+00  0.27918926E+01  0.55837851E+01  0.60000000E+08     1
    54    35    28       11        2     0.12976503E+03  0.12701003E+03  0.50000000E+00  0.27549956E+01  0.55099912E+01  0.60000000E+08     1
    54    35    29       11        2     0.12618454E+03  0.12346885E+03  0.50000000E+00  0.27156838E+01  0.54313676E+01  0.60000000E+08     1
    54    35    30       11        2     0.12263131E+03  0.11995803E+03  0.50000000E+00  0.26732812E+01  0.53465624E+01  0.60000000E+08     1
    54    35    31       11        2     0.11910632E+03  0.11647959E+03  0.50000000E+00  0.26267297E+01  0.52534594E+01  0.60000000E+08     1
    54    35    32       11        2     0.11561067E+03  0.11303626E+03  0.50000000E+00  0.25744078E+01  0.51488156E+01  0.60000000E+08     1
    54    35    33       11        2     0.11214568E+03  0.10963170E+03  0.50000000E+00  0.25139879E+01  0.50279758E+01  0.60000000E+08     1
    54    35    34       11        2     0.10871298E+03  0.10627044E+03  0.50000000E+00  0.24425486E+01  0.48850973E+01  0.60000000E+08     1
    54    35    35       11        2     0.10531462E+03  0.10295704E+03  0.50000000E+00  0.23575817E+01  0.47151635E+01  0.60000000E+08     1
    54    35    36       11        2     0.10195341E+03  0.98804323E+02  0.50000000E+00  0.31490833E+01  0.62981666E+01  0.60000000E+08     1
    54    35    37       11        2     0.98633918E+02  0.93801123E+02  0.50000000E+00  0.48327945E+01  0.96655890E+01  0.60000000E+08     1
    54    35    38       10        2     0.94469274E+02  0.88818554E+02  0.50000000E+00  0.56507195E+01  0.11301439E+02  0.60000000E+08     1
    54    35    39       10        2     0.89455119E+02  0.83852054E+02  0.50000000E+00  0.56030650E+01  0.11206130E+02  0.60000000E+08     1
    54    35    40       10        2     0.84469970E+02  0.78904814E+02  0.50000000E+00  0.55651564E+01  0.11130313E+02  0.60000000E+08     1
    54    35    41       10        2     0.79507444E+02  0.73984686E+02  0.50000000E+00  0.55227575E+01  0.11045515E+02  0.60000000E+08     1
    54    35    42       10        2     0.74570697E+02  0.69104925E+02  0.50000000E+00  0.54657725E+01  0.10931545E+02  0.60000000E+08     1
    54    35    43       10        2     0.69670843E+02  0.64288775E+02  0.50000000E+00  0.53820674E+01  0.10764135E+02  0.60000000E+08     1
    54    35    44       10        2     0.64830297E+02  0.59580391E+02  0.50000000E+00  0.52499065E+01  0.10499813E+02  0.60000000E+08     1
    54    35    45       10        2     0.60093179E+02  0.55068754E+02  0.50000000E+00  0.50244251E+01  0.10048850E+02  0.60000000E+08     1
    54    35    46       10        2     0.55549142E+02  0.51962377E+02  0.50000000E+00  0.35867655E+01  0.71735309E+01  0.60000000E+08     1
    54    35    47        9        2     0.52414530E+02  0.50067965E+02  0.50000000E+00  0.23465648E+01  0.46931296E+01  0.60000000E+08     1
    54    35    48        9        2     0.50497921E+02  0.47497134E+02  0.50000000E+00  0.30007873E+01  0.60015746E+01  0.60000000E+08     1
    54    35    49        8        2     0.47893366E+02  0.44277886E+02  0.50000000E+00  0.36154809E+01  0.72309618E+01  0.60000000E+08     1
    54    35    50        8        2     0.44631047E+02  0.40344676E+02  0.50000000E+00  0.42863713E+01  0.85727425E+01  0.60000000E+08     1
    54    35    51        7        2     0.40646832E+02  0.35710074E+02  0.50000000E+00  0.49367582E+01  0.98735164E+01  0.60000000E+08     1
    54    35    52        7        2     0.35952560E+02  0.31108668E+02  0.50000000E+00  0.48438924E+01  0.96877848E+01  0.60000000E+08     1
    54    35    53        7        2     0.31291172E+02  0.26543506E+02  0.50000000E+00  0.47476653E+01  0.94953307E+01  0.60000000E+08     1
    54    35    54        7        2     0.26668313E+02  0.22014892E+02  0.50000000E+00  0.46534207E+01  0.93068414E+01  0.60000000E+08     1
    54    35    55        7        2     0.22086777E+02  0.17520305E+02  0.50000000E+00  0.45664722E+01  0.91329444E+01  0.60000000E+08     1
    50    45    27       11        2     0.13510419E+03  0.13259854E+03  0.50000000E+00  0.25056523E+01  0.50113046E+01  0.60000000E+08     1
    50    45    28       11        2     0.13155724E+03  0.12910242E+03  0.50000000E+00  0.24548155E+01  0.49096309E+01  0.60000000E+08     1
    50    45    29       11        2     0.12803814E+03  0.12563626E+03  0.50000000E+00  0.24018768E+01  0.48037537E+01  0.60000000E+08     1
    50    45    30       11        2     0.12454729E+03  0.12220110E+03  0.50000000E+00  0.23461867E+01  0.46923733E+01  0.60000000E+08     1
    50    45    31       11        2     0.12108511E+03  0.11879860E+03  0.50000000E+00  0.22865095E+01  0.45730191E+01  0.60000000E+08     1
    50    45    32       11        2     0.11765206E+03  0.11543170E+03  0.50000000E+00  0.22203594E+01  0.44407188E+01  0.60000000E+08     1
    50    45    33       11        2     0.11424845E+03  0.11210601E+03  0.50000000E+00  0.21424381E+01  0.42848762E+01  0.60000000E+08     1
    50    45    34       11        2     0.11087420E+03  0.10883341E+03  0.50000000E+00  0.20407948E+01  0.40815896E+01  0.60000000E+08     1
    50    45    35       11        2     0.10752809E+03  0.10564108E+03  0.50000000E+00  0.18870086E+01  0.37740172E+01  0.60000000E+08     1
    50    45    36       11        2     0.10420583E+03  0.10177092E+03  0.50000000E+00  0.24349095E+01  0.48698191E+01  0.60000000E+08     1
    50    45    37       11        2     0.10089533E+03  0.97079256E+02  0.50000000E+00  0.38160743E+01  0.76321485E+01  0.60000000E+08     1
    50    45    38       11        2     0.97564066E+02  0.92265274E+02  0.50000000E+00  0.52987917E+01  0.10597583E+02  0.60000000E+08     1
    50    45    39       10        2     0.93377652E+02  0.87417734E+02  0.50000000E+00  0.59599176E+01  0.11919835E+02  0.60000000E+08     1
    50    45    40       10        2     0.88405317E+02  0.82571674E+02  0.50000000E+00  0.58336431E+01  0.11667286E+02  0.60000000E+08     1
    50    45    41       10        2     0.83495249E+02  0.77742553E+02  0.50000000E+00  0.57526960E+01  0.11505392E+02  0.60000000E+08     1
    50    45    42       10        2     0.78623980E+02  0.72938417E+02  0.50000000E+00  0.56855623E+01  0.11371125E+02  0.60000000E+08     1
    50    45    43       10        2     0.73782984E+02  0.68163863E+02  0.50000000E+00  0.56191214E+01  0.11238243E+02  0.60000000E+08     1
    50    45    44       10        2     0.68969066E+02  0.63420688E+02  0.50000000E+00  0.55483776E+01  0.11096755E+02  0.60000000E+08     1
    50    45    45       10        2     0.64179301E+02  0.58707157E+02  0.50000000E+00  0.54721441E+01  0.10944288E+02  0.60000000E+08     1
    50    45    46       10        2     0.59407979E+02  0.55386813E+02  0.50000000E+00  0.40211663E+01  0.80423326E+01  0.60000000E+08     1
    50    45    47        9        2     0.56035364E+02  0.53448281E+02  0.50000000E+00  0.25870832E+01  0.51741665E+01  0.60000000E+08     1
    50    45    48        9        2     0.54049151E+02  0.50878415E+02  0.50000000E+00  0.31707362E+01  0.63414723E+01  0.60000000E+08     1
    50    45    49        8        2     0.51405842E+02  0.47683527E+02  0.50000000E+00  0.37223154E+01  0.74446308E+01  0.60000000E+08     1
    50    45    50        8        2     0.48120392E+02  0.43794502E+02  0.50000000E+00  0.43258903E+01  0.86517806E+01  0.60000000E+08     1
    50    45    51        7        2     0.44133139E+02  0.39215953E+02  0.50000000E+00  0.49171857E+01  0.98343714E+01  0.60000000E+08     1
    50    45    52        7        2     0.39456450E+02  0.34663423E+02  0.50000000E+00  0.47930273E+01  0.95860545E+01  0.60000000E+08     1
    50    45    53        7        2     0.34822359E+02  0.30133358E+02  0.50000000E+00  0.46890010E+01  0.93780019E+01  0.60000000E+08     1
    50    45    54        7        2     0.30225036E+02  0.25616682E+02  0.50000000E+00  0.46083542E+01  0.92167084E+01  0.60000000E+08     1
    50    45    55        7        2     0.25657892E+02  0.21304517E+02  0.50000000E+00  0.43533755E+01  0.87067511E+01  0.60000000E+08     1
