% Shemat-Suite version: SHEMAT-Suite 9.0 (Freely)                                                       
% data fit at iteration                final
%    i     j     k     unit     type               calc             obs             err            diff             res            time  ozone
    32    15    21       12        2     0.15576629E+03  0.15145234E+03  0.50000000E+00  0.43139505E+01  0.86279011E+01  0.60000000E+08     1
    32    15    22       12        2     0.15202585E+03  0.14773580E+03  0.50000000E+00  0.42900531E+01  0.85801062E+01  0.60000000E+08     1
    32    15    23       12        2     0.14830369E+03  0.14403725E+03  0.50000000E+00  0.42664405E+01  0.85328809E+01  0.60000000E+08     1
    32    15    24       12        2     0.14459934E+03  0.14035619E+03  0.50000000E+00  0.42431536E+01  0.84863073E+01  0.60000000E+08     1
    32    15    25       12        2     0.14091226E+03  0.13669201E+03  0.50000000E+00  0.42202468E+01  0.84404936E+01  0.60000000E+08     1
    32    15    26       12        2     0.13724186E+03  0.13304408E+03  0.50000000E+00  0.41977749E+01  0.83955499E+01  0.60000000E+08     1
    32    15    27       12        2     0.13358747E+03  0.12941170E+03  0.50000000E+00  0.41757696E+01  0.83515392E+01  0.60000000E+08     1
    32    15    28       12        2     0.12994837E+03  0.12579415E+03  0.50000000E+00  0.41542199E+01  0.83084399E+01  0.60000000E+08     1
    32    15    29       12        2     0.12632384E+03  0.12219071E+03  0.50000000E+00  0.41331320E+01  0.82662639E+01  0.60000000E+08     1
    32    15    30       12        2     0.12271314E+03  0.11860055E+03  0.50000000E+00  0.41125867E+01  0.82251734E+01  0.60000000E+08     1
    32    15    31       12        2     0.11911543E+03  0.11502268E+03  0.50000000E+00  0.40927451E+01  0.81854901E+01  0.60000000E+08     1
    32    15    32       12        2     0.11552968E+03  0.11145585E+03  0.50000000E+00  0.40738338E+01  0.81476677E+01  0.60000000E+08     1
    32    15    33       12        2     0.11195466E+03  0.10789855E+03  0.50000000E+00  0.40561070E+01  0.81122140E+01  0.60000000E+08     1
    32    15    34       12        2     0.10838885E+03  0.10434913E+03  0.50000000E+00  0.40397155E+01  0.80794310E+01  0.60000000E+08     1
    32    15    35       12        2     0.10483062E+03  0.10080633E+03  0.50000000E+00  0.40242923E+01  0.80485845E+01  0.60000000E+08     1
    32    15    36       12        2     0.10127875E+03  0.97269028E+02  0.50000000E+00  0.40097236E+01  0.80194473E+01  0.60000000E+08     1
    32    15    37       12        2     0.97732278E+02  0.93735758E+02  0.50000000E+00  0.39965206E+01  0.79930412E+01  0.60000000E+08     1
    32    15    38       12        2     0.94189975E+02  0.90204327E+02  0.50000000E+00  0.39856479E+01  0.79712958E+01  0.60000000E+08     1
    32    15    39       12        2     0.90650161E+02  0.86671385E+02  0.50000000E+00  0.39787752E+01  0.79575505E+01  0.60000000E+08     1
    32    15    40       12        2     0.87110470E+02  0.83131509E+02  0.50000000E+00  0.39789610E+01  0.79579219E+01  0.60000000E+08     1
    32    15    41       12        2     0.83567401E+02  0.79575263E+02  0.50000000E+00  0.39921374E+01  0.79842748E+01  0.60000000E+08     1
    32    15    42       12        2     0.80015395E+02  0.75984904E+02  0.50000000E+00  0.40304914E+01  0.80609829E+01  0.60000000E+08     1
    32    15    43       12        2     0.76444887E+02  0.72324252E+02  0.50000000E+00  0.41206357E+01  0.82412713E+01  0.60000000E+08     1
    32    15    44       12        2     0.72838032E+02  0.68531442E+02  0.50000000E+00  0.43065902E+01  0.86131803E+01  0.60000000E+08     1
    32    15    45       12        2     0.69168595E+02  0.64669560E+02  0.50000000E+00  0.44990349E+01  0.89980697E+01  0.60000000E+08     1
    32    15    46       12        2     0.65380994E+02  0.60810325E+02  0.50000000E+00  0.45706693E+01  0.91413385E+01  0.60000000E+08     1
    32    15    47       12        2     0.61530917E+02  0.56994213E+02  0.50000000E+00  0.45367041E+01  0.90734082E+01  0.60000000E+08     1
    32    15    48       12        2     0.57696759E+02  0.53259247E+02  0.50000000E+00  0.44375115E+01  0.88750230E+01  0.60000000E+08     1
    32    15    49       12        2     0.53931255E+02  0.49667649E+02  0.50000000E+00  0.42636053E+01  0.85272107E+01  0.60000000E+08     1
    32    15    50       12        2     0.50299106E+02  0.46839711E+02  0.50000000E+00  0.34593955E+01  0.69187910E+01  0.60000000E+08     1
    32    15    51        9        2     0.47421791E+02  0.43918630E+02  0.50000000E+00  0.35031614E+01  0.70063229E+01  0.60000000E+08     1
    32    15    52        8        2     0.44391692E+02  0.40376437E+02  0.50000000E+00  0.40152543E+01  0.80305087E+01  0.60000000E+08     1
    32    15    53        8        2     0.40722294E+02  0.36129785E+02  0.50000000E+00  0.45925095E+01  0.91850189E+01  0.60000000E+08     1
    32    15    54        7        2     0.36365416E+02  0.31150589E+02  0.50000000E+00  0.52148266E+01  0.10429653E+02  0.60000000E+08     1
    32    15    55        7        2     0.31285890E+02  0.26234622E+02  0.50000000E+00  0.50512677E+01  0.10102535E+02  0.60000000E+08     1
    32    15    56        7        2     0.26304451E+02  0.21462407E+02  0.50000000E+00  0.48420444E+01  0.96840888E+01  0.60000000E+08     1
    32    15    57        7        2     0.21492357E+02  0.17040457E+02  0.50000000E+00  0.44519002E+01  0.89038004E+01  0.60000000E+08     1
    79    23    31       12        2     0.11618833E+03  0.11190129E+03  0.50000000E+00  0.42870344E+01  0.85740688E+01  0.60000000E+08     1
    79    23    32       12        2     0.11257556E+03  0.10831165E+03  0.50000000E+00  0.42639099E+01  0.85278199E+01  0.60000000E+08     1
    79    23    33       12        2     0.10897986E+03  0.10473877E+03  0.50000000E+00  0.42410893E+01  0.84821786E+01  0.60000000E+08     1
    79    23    34       12        2     0.10540089E+03  0.10118208E+03  0.50000000E+00  0.42188073E+01  0.84376145E+01  0.60000000E+08     1
    79    23    35       12        2     0.10183814E+03  0.97640698E+02  0.50000000E+00  0.41974402E+01  0.83948804E+01  0.60000000E+08     1
    79    23    36       12        2     0.98290839E+02  0.94113242E+02  0.50000000E+00  0.41775978E+01  0.83551955E+01  0.60000000E+08     1
    79    23    37       12        2     0.94757780E+02  0.90597498E+02  0.50000000E+00  0.41602816E+01  0.83205632E+01  0.60000000E+08     1
    79    23    38       12        2     0.91236948E+02  0.87089785E+02  0.50000000E+00  0.41471635E+01  0.82943271E+01  0.60000000E+08     1
    79    23    39       12        2     0.87724849E+02  0.83583770E+02  0.50000000E+00  0.41410793E+01  0.82821586E+01  0.60000000E+08     1
    79    23    40       12        2     0.84215150E+02  0.80068237E+02  0.50000000E+00  0.41469129E+01  0.82938258E+01  0.60000000E+08     1
    79    23    41       12        2     0.80695935E+02  0.76522745E+02  0.50000000E+00  0.41731901E+01  0.83463802E+01  0.60000000E+08     1
    79    23    42       12        2     0.77144095E+02  0.72909137E+02  0.50000000E+00  0.42349581E+01  0.84699162E+01  0.60000000E+08     1
    79    23    43       12        2     0.73513708E+02  0.68506751E+02  0.50000000E+00  0.50069573E+01  0.10013915E+02  0.60000000E+08     1
    79    23    44        6        2     0.69056227E+02  0.64742587E+02  0.50000000E+00  0.43136397E+01  0.86272794E+01  0.60000000E+08     1
    79    23    45        9        2     0.65173157E+02  0.61703930E+02  0.50000000E+00  0.34692265E+01  0.69384529E+01  0.60000000E+08     1
    79    23    46        8        2     0.61976895E+02  0.57964762E+02  0.50000000E+00  0.40121332E+01  0.80242663E+01  0.60000000E+08     1
    79    23    47        8        2     0.58083394E+02  0.53428196E+02  0.50000000E+00  0.46551979E+01  0.93103958E+01  0.60000000E+08     1
    79    23    48        7        2     0.53477519E+02  0.48175945E+02  0.50000000E+00  0.53015743E+01  0.10603149E+02  0.60000000E+08     1
    79    23    49        7        2     0.48186893E+02  0.42972006E+02  0.50000000E+00  0.52148867E+01  0.10429773E+02  0.60000000E+08     1
    79    23    50        7        2     0.42962590E+02  0.37780273E+02  0.50000000E+00  0.51823173E+01  0.10364635E+02  0.60000000E+08     1
    79    23    51        7        2     0.37763738E+02  0.32571487E+02  0.50000000E+00  0.51922509E+01  0.10384502E+02  0.60000000E+08     1
    79    23    52        7        2     0.32570615E+02  0.27557691E+02  0.50000000E+00  0.50129243E+01  0.10025849E+02  0.60000000E+08     1
    79    23    53        6        2     0.27572432E+02  0.22740615E+02  0.50000000E+00  0.48318175E+01  0.96636349E+01  0.60000000E+08     1
    79    23    54        6        2     0.22754047E+02  0.17889341E+02  0.50000000E+00  0.48647062E+01  0.97294123E+01  0.60000000E+08     1
    54    35    18       12        2     0.16848605E+03  0.16379233E+03  0.50000000E+00  0.46937188E+01  0.93874375E+01  0.60000000E+08     1
    54    35    19       12        2     0.16471555E+03  0.16005174E+03  0.50000000E+00  0.46638129E+01  0.93276258E+01  0.60000000E+08     1
    54    35    20       12        2     0.16096786E+03  0.15630407E+03  0.50000000E+00  0.46637842E+01  0.93275683E+01  0.60000000E+08     1
    54    35    21       12        2     0.15724830E+03  0.15255215E+03  0.50000000E+00  0.46961562E+01  0.93923124E+01  0.60000000E+08     1
    54    35    22       11        2     0.15352593E+03  0.14882833E+03  0.50000000E+00  0.46975983E+01  0.93951967E+01  0.60000000E+08     1
    54    35    23       11        2     0.14980122E+03  0.14512802E+03  0.50000000E+00  0.46731989E+01  0.93463978E+01  0.60000000E+08     1
    54    35    24       11        2     0.14610598E+03  0.14145250E+03  0.50000000E+00  0.46534812E+01  0.93069624E+01  0.60000000E+08     1
    54    35    25       11        2     0.14243598E+03  0.13780218E+03  0.50000000E+00  0.46337993E+01  0.92675986E+01  0.60000000E+08     1
    54    35    26       11        2     0.13879299E+03  0.13417776E+03  0.50000000E+00  0.46152358E+01  0.92304716E+01  0.60000000E+08     1
    54    35    27       11        2     0.13517828E+03  0.13058006E+03  0.50000000E+00  0.45982245E+01  0.91964489E+01  0.60000000E+08     1
    54    35    28       11        2     0.13159308E+03  0.12701003E+03  0.50000000E+00  0.45830473E+01  0.91660947E+01  0.60000000E+08     1
    54    35    29       11        2     0.12803885E+03  0.12346885E+03  0.50000000E+00  0.45699977E+01  0.91399954E+01  0.60000000E+08     1
    54    35    30       11        2     0.12451749E+03  0.11995803E+03  0.50000000E+00  0.45594630E+01  0.91189260E+01  0.60000000E+08     1
    54    35    31       11        2     0.12103164E+03  0.11647959E+03  0.50000000E+00  0.45520491E+01  0.91040982E+01  0.60000000E+08     1
    54    35    32       11        2     0.11758515E+03  0.11303626E+03  0.50000000E+00  0.45488955E+01  0.90977911E+01  0.60000000E+08     1
    54    35    33       11        2     0.11418420E+03  0.10963170E+03  0.50000000E+00  0.45525019E+01  0.91050038E+01  0.60000000E+08     1
    54    35    34       11        2     0.11083924E+03  0.10627044E+03  0.50000000E+00  0.45688086E+01  0.91376173E+01  0.60000000E+08     1
    54    35    35       11        2     0.10756923E+03  0.10295704E+03  0.50000000E+00  0.46121952E+01  0.92243904E+01  0.60000000E+08     1
    54    35    36       10        2     0.10355737E+03  0.98804323E+02  0.50000000E+00  0.47530505E+01  0.95061010E+01  0.60000000E+08     1
    54    35    37       10        2     0.98728698E+02  0.93801123E+02  0.50000000E+00  0.49275753E+01  0.98551506E+01  0.60000000E+08     1
    54    35    38       10        2     0.93827412E+02  0.88818554E+02  0.50000000E+00  0.50088582E+01  0.10017716E+02  0.60000000E+08     1
    54    35    39       10        2     0.88899214E+02  0.83852054E+02  0.50000000E+00  0.50471601E+01  0.10094320E+02  0.60000000E+08     1
    54    35    40       10        2     0.83967004E+02  0.78904814E+02  0.50000000E+00  0.50621906E+01  0.10124381E+02  0.60000000E+08     1
    54    35    41       10        2     0.79044344E+02  0.73984686E+02  0.50000000E+00  0.50596579E+01  0.10119316E+02  0.60000000E+08     1
    54    35    42       10        2     0.74142557E+02  0.69104925E+02  0.50000000E+00  0.50376326E+01  0.10075265E+02  0.60000000E+08     1
    54    35    43       10        2     0.69275827E+02  0.64288775E+02  0.50000000E+00  0.49870516E+01  0.99741031E+01  0.60000000E+08     1
    54    35    44       10        2     0.64467545E+02  0.59580391E+02  0.50000000E+00  0.48871537E+01  0.97743073E+01  0.60000000E+08     1
    54    35    45       10        2     0.59761897E+02  0.55068754E+02  0.50000000E+00  0.46931436E+01  0.93862872E+01  0.60000000E+08     1
    54    35    46       10        2     0.55248045E+02  0.51962377E+02  0.50000000E+00  0.32856680E+01  0.65713360E+01  0.60000000E+08     1
    54    35    47        9        2     0.52135761E+02  0.50067965E+02  0.50000000E+00  0.20677962E+01  0.41355924E+01  0.60000000E+08     1
    54    35    48        9        2     0.50233527E+02  0.47497134E+02  0.50000000E+00  0.27363932E+01  0.54727864E+01  0.60000000E+08     1
    54    35    49        8        2     0.47648552E+02  0.44277886E+02  0.50000000E+00  0.33706667E+01  0.67413335E+01  0.60000000E+08     1
    54    35    50        8        2     0.44410746E+02  0.40344676E+02  0.50000000E+00  0.40660706E+01  0.81321412E+01  0.60000000E+08     1
    54    35    51        7        2     0.40456343E+02  0.35710074E+02  0.50000000E+00  0.47462685E+01  0.94925370E+01  0.60000000E+08     1
    54    35    52        7        2     0.35797035E+02  0.31108668E+02  0.50000000E+00  0.46883677E+01  0.93767354E+01  0.60000000E+08     1
    54    35    53        7        2     0.31170377E+02  0.26543506E+02  0.50000000E+00  0.46268706E+01  0.92537411E+01  0.60000000E+08     1
    54    35    54        7        2     0.26581923E+02  0.22014892E+02  0.50000000E+00  0.45670311E+01  0.91340621E+01  0.60000000E+08     1
    54    35    55        7        2     0.22034401E+02  0.17520305E+02  0.50000000E+00  0.45140962E+01  0.90281925E+01  0.60000000E+08     1
    50    45    27       11        2     0.13712759E+03  0.13259854E+03  0.50000000E+00  0.45290450E+01  0.90580899E+01  0.60000000E+08     1
    50    45    28       11        2     0.13360832E+03  0.12910242E+03  0.50000000E+00  0.45058951E+01  0.90117902E+01  0.60000000E+08     1
    50    45    29       11        2     0.13011882E+03  0.12563626E+03  0.50000000E+00  0.44825599E+01  0.89651198E+01  0.60000000E+08     1
    50    45    30       11        2     0.12665944E+03  0.12220110E+03  0.50000000E+00  0.44583407E+01  0.89166814E+01  0.60000000E+08     1
    50    45    31       11        2     0.12323041E+03  0.11879860E+03  0.50000000E+00  0.44318099E+01  0.88636197E+01  0.60000000E+08     1
    50    45    32       11        2     0.11983172E+03  0.11543170E+03  0.50000000E+00  0.44000253E+01  0.88000507E+01  0.60000000E+08     1
    50    45    33       11        2     0.11646283E+03  0.11210601E+03  0.50000000E+00  0.43568190E+01  0.87136380E+01  0.60000000E+08     1
    50    45    34       11        2     0.11312236E+03  0.10883341E+03  0.50000000E+00  0.42889545E+01  0.85779090E+01  0.60000000E+08     1
    50    45    35       11        2     0.10980836E+03  0.10564108E+03  0.50000000E+00  0.41672758E+01  0.83345516E+01  0.60000000E+08     1
    50    45    36       11        2     0.10652143E+03  0.10177092E+03  0.50000000E+00  0.47505080E+01  0.95010159E+01  0.60000000E+08     1
    50    45    37       10        2     0.10240422E+03  0.97079256E+02  0.50000000E+00  0.53249603E+01  0.10649921E+02  0.60000000E+08     1
    50    45    38       10        2     0.97464056E+02  0.92265274E+02  0.50000000E+00  0.51987814E+01  0.10397563E+02  0.60000000E+08     1
    50    45    39       10        2     0.92560588E+02  0.87417734E+02  0.50000000E+00  0.51428539E+01  0.10285708E+02  0.60000000E+08     1
    50    45    40       10        2     0.87684707E+02  0.82571674E+02  0.50000000E+00  0.51130326E+01  0.10226065E+02  0.60000000E+08     1
    50    45    41       10        2     0.82833517E+02  0.77742553E+02  0.50000000E+00  0.50909642E+01  0.10181928E+02  0.60000000E+08     1
    50    45    42       10        2     0.78007122E+02  0.72938417E+02  0.50000000E+00  0.50687048E+01  0.10137410E+02  0.60000000E+08     1
    50    45    43       10        2     0.73206604E+02  0.68163863E+02  0.50000000E+00  0.50427412E+01  0.10085482E+02  0.60000000E+08     1
    50    45    44       10        2     0.68432487E+02  0.63420688E+02  0.50000000E+00  0.50117989E+01  0.10023598E+02  0.60000000E+08     1
    50    45    45       10        2     0.63683157E+02  0.58707157E+02  0.50000000E+00  0.49759996E+01  0.99519992E+01  0.60000000E+08     1
    50    45    46       10        2     0.58953256E+02  0.55386813E+02  0.50000000E+00  0.35664432E+01  0.71328864E+01  0.60000000E+08     1
    50    45    47        9        2     0.55611222E+02  0.53448281E+02  0.50000000E+00  0.21629409E+01  0.43258818E+01  0.60000000E+08     1
    50    45    48        9        2     0.53644729E+02  0.50878415E+02  0.50000000E+00  0.27663140E+01  0.55326279E+01  0.60000000E+08     1
    50    45    49        8        2     0.51028351E+02  0.47683527E+02  0.50000000E+00  0.33448246E+01  0.66896493E+01  0.60000000E+08     1
    50    45    50        8        2     0.47776735E+02  0.43794502E+02  0.50000000E+00  0.39822331E+01  0.79644661E+01  0.60000000E+08     1
    50    45    51        7        2     0.43830690E+02  0.39215953E+02  0.50000000E+00  0.46147370E+01  0.92294739E+01  0.60000000E+08     1
    50    45    52        7        2     0.39202324E+02  0.34663423E+02  0.50000000E+00  0.45389019E+01  0.90778038E+01  0.60000000E+08     1
    50    45    53        7        2     0.34616337E+02  0.30133358E+02  0.50000000E+00  0.44829786E+01  0.89659572E+01  0.60000000E+08     1
    50    45    54        7        2     0.30066852E+02  0.25616682E+02  0.50000000E+00  0.44501697E+01  0.89003395E+01  0.60000000E+08     1
    50    45    55        7        2     0.25547253E+02  0.21304517E+02  0.50000000E+00  0.42427360E+01  0.84854720E+01  0.60000000E+08     1
