% Shemat-Suite version: SHEMAT-Suite 9.0 (Freely)                                                       
% data fit at iteration                final
%    i     j     k     unit     type               calc             obs             err            diff             res            time  ozone
    32    15    21       12        2     0.15591855E+03  0.15145234E+03  0.50000000E+00  0.44662170E+01  0.89324340E+01  0.60000000E+08     1
    32    15    22       12        2     0.15217897E+03  0.14773580E+03  0.50000000E+00  0.44431717E+01  0.88863434E+01  0.60000000E+08     1
    32    15    23       12        2     0.14845792E+03  0.14403725E+03  0.50000000E+00  0.44206613E+01  0.88413227E+01  0.60000000E+08     1
    32    15    24       12        2     0.14475494E+03  0.14035619E+03  0.50000000E+00  0.43987555E+01  0.87975110E+01  0.60000000E+08     1
    32    15    25       12        2     0.14106955E+03  0.13669201E+03  0.50000000E+00  0.43775395E+01  0.87550789E+01  0.60000000E+08     1
    32    15    26       12        2     0.13740118E+03  0.13304408E+03  0.50000000E+00  0.43571008E+01  0.87142017E+01  0.60000000E+08     1
    32    15    27       12        2     0.13374920E+03  0.12941170E+03  0.50000000E+00  0.43375049E+01  0.86750099E+01  0.60000000E+08     1
    32    15    28       12        2     0.13011292E+03  0.12579415E+03  0.50000000E+00  0.43187740E+01  0.86375481E+01  0.60000000E+08     1
    32    15    29       12        2     0.12649165E+03  0.12219071E+03  0.50000000E+00  0.43009443E+01  0.86018886E+01  0.60000000E+08     1
    32    15    30       12        2     0.12288467E+03  0.11860055E+03  0.50000000E+00  0.42841207E+01  0.85682415E+01  0.60000000E+08     1
    32    15    31       12        2     0.11929116E+03  0.11502268E+03  0.50000000E+00  0.42684772E+01  0.85369544E+01  0.60000000E+08     1
    32    15    32       12        2     0.11571009E+03  0.11145585E+03  0.50000000E+00  0.42542355E+01  0.85084710E+01  0.60000000E+08     1
    32    15    33       12        2     0.11214017E+03  0.10789855E+03  0.50000000E+00  0.42416168E+01  0.84832336E+01  0.60000000E+08     1
    32    15    34       12        2     0.10857983E+03  0.10434913E+03  0.50000000E+00  0.42306977E+01  0.84613953E+01  0.60000000E+08     1
    32    15    35       12        2     0.10502730E+03  0.10080633E+03  0.50000000E+00  0.42209753E+01  0.84419507E+01  0.60000000E+08     1
    32    15    36       12        2     0.10148114E+03  0.97269028E+02  0.50000000E+00  0.42121114E+01  0.84242227E+01  0.60000000E+08     1
    32    15    37       12        2     0.97940017E+02  0.93735758E+02  0.50000000E+00  0.42042594E+01  0.84085188E+01  0.60000000E+08     1
    32    15    38       12        2     0.94402173E+02  0.90204327E+02  0.50000000E+00  0.41978463E+01  0.83956925E+01  0.60000000E+08     1
    32    15    39       12        2     0.90865131E+02  0.86671385E+02  0.50000000E+00  0.41937458E+01  0.83874916E+01  0.60000000E+08     1
    32    15    40       12        2     0.87325328E+02  0.83131509E+02  0.50000000E+00  0.41938190E+01  0.83876379E+01  0.60000000E+08     1
    32    15    41       12        2     0.83777334E+02  0.79575263E+02  0.50000000E+00  0.42020708E+01  0.84041415E+01  0.60000000E+08     1
    32    15    42       12        2     0.80212074E+02  0.75984904E+02  0.50000000E+00  0.42271699E+01  0.84543399E+01  0.60000000E+08     1
    32    15    43       12        2     0.76612526E+02  0.72324252E+02  0.50000000E+00  0.42882746E+01  0.85765492E+01  0.60000000E+08     1
    32    15    44       12        2     0.72943181E+02  0.68531442E+02  0.50000000E+00  0.44117388E+01  0.88234776E+01  0.60000000E+08     1
    32    15    45       12        2     0.69142338E+02  0.64669560E+02  0.50000000E+00  0.44727778E+01  0.89455557E+01  0.60000000E+08     1
    32    15    46       12        2     0.65271725E+02  0.60810325E+02  0.50000000E+00  0.44614005E+01  0.89228010E+01  0.60000000E+08     1
    32    15    47       12        2     0.61402736E+02  0.56994213E+02  0.50000000E+00  0.44085231E+01  0.88170462E+01  0.60000000E+08     1
    32    15    48       12        2     0.57574630E+02  0.53259247E+02  0.50000000E+00  0.43153826E+01  0.86307652E+01  0.60000000E+08     1
    32    15    49       12        2     0.53822734E+02  0.49667649E+02  0.50000000E+00  0.41550851E+01  0.83101702E+01  0.60000000E+08     1
    32    15    50       12        2     0.50203313E+02  0.46839711E+02  0.50000000E+00  0.33636023E+01  0.67272045E+01  0.60000000E+08     1
    32    15    51        9        2     0.47336607E+02  0.43918630E+02  0.50000000E+00  0.34179775E+01  0.68359550E+01  0.60000000E+08     1
    32    15    52        8        2     0.44317257E+02  0.40376437E+02  0.50000000E+00  0.39408201E+01  0.78816402E+01  0.60000000E+08     1
    32    15    53        8        2     0.40660097E+02  0.36129785E+02  0.50000000E+00  0.45303123E+01  0.90606246E+01  0.60000000E+08     1
    32    15    54        7        2     0.36315783E+02  0.31150589E+02  0.50000000E+00  0.51651944E+01  0.10330389E+02  0.60000000E+08     1
    32    15    55        7        2     0.31249521E+02  0.26234622E+02  0.50000000E+00  0.50148983E+01  0.10029797E+02  0.60000000E+08     1
    32    15    56        7        2     0.26280066E+02  0.21462407E+02  0.50000000E+00  0.48176594E+01  0.96353187E+01  0.60000000E+08     1
    32    15    57        7        2     0.21478785E+02  0.17040457E+02  0.50000000E+00  0.44383286E+01  0.88766572E+01  0.60000000E+08     1
    79    23    31       12        2     0.11623951E+03  0.11190129E+03  0.50000000E+00  0.43382215E+01  0.86764429E+01  0.60000000E+08     1
    79    23    32       12        2     0.11262498E+03  0.10831165E+03  0.50000000E+00  0.43133351E+01  0.86266702E+01  0.60000000E+08     1
    79    23    33       12        2     0.10902750E+03  0.10473877E+03  0.50000000E+00  0.42887252E+01  0.85774504E+01  0.60000000E+08     1
    79    23    34       12        2     0.10544671E+03  0.10118208E+03  0.50000000E+00  0.42646308E+01  0.85292615E+01  0.60000000E+08     1
    79    23    35       12        2     0.10188213E+03  0.97640698E+02  0.50000000E+00  0.42414325E+01  0.84828651E+01  0.60000000E+08     1
    79    23    36       12        2     0.98332986E+02  0.94113242E+02  0.50000000E+00  0.42197448E+01  0.84394896E+01  0.60000000E+08     1
    79    23    37       12        2     0.94798072E+02  0.90597498E+02  0.50000000E+00  0.42005737E+01  0.84011474E+01  0.60000000E+08     1
    79    23    38       12        2     0.91275380E+02  0.87089785E+02  0.50000000E+00  0.41855952E+01  0.83711905E+01  0.60000000E+08     1
    79    23    39       12        2     0.87761419E+02  0.83583770E+02  0.50000000E+00  0.41776486E+01  0.83552973E+01  0.60000000E+08     1
    79    23    40       12        2     0.84249857E+02  0.80068237E+02  0.50000000E+00  0.41816199E+01  0.83632398E+01  0.60000000E+08     1
    79    23    41       12        2     0.80728779E+02  0.76522745E+02  0.50000000E+00  0.42060344E+01  0.84120688E+01  0.60000000E+08     1
    79    23    42       12        2     0.77175071E+02  0.72909137E+02  0.50000000E+00  0.42659341E+01  0.85318683E+01  0.60000000E+08     1
    79    23    43       12        2     0.73542796E+02  0.68506751E+02  0.50000000E+00  0.50360454E+01  0.10072091E+02  0.60000000E+08     1
    79    23    44        6        2     0.69083019E+02  0.64742587E+02  0.50000000E+00  0.43404319E+01  0.86808639E+01  0.60000000E+08     1
    79    23    45        9        2     0.65197966E+02  0.61703930E+02  0.50000000E+00  0.34940353E+01  0.69880706E+01  0.60000000E+08     1
    79    23    46        8        2     0.62000027E+02  0.57964762E+02  0.50000000E+00  0.40352644E+01  0.80705289E+01  0.60000000E+08     1
    79    23    47        8        2     0.58104528E+02  0.53428196E+02  0.50000000E+00  0.46763321E+01  0.93526642E+01  0.60000000E+08     1
    79    23    48        7        2     0.53496315E+02  0.48175945E+02  0.50000000E+00  0.53203703E+01  0.10640741E+02  0.60000000E+08     1
    79    23    49        7        2     0.48203044E+02  0.42972006E+02  0.50000000E+00  0.52310379E+01  0.10462076E+02  0.60000000E+08     1
    79    23    50        7        2     0.42976148E+02  0.37780273E+02  0.50000000E+00  0.51958745E+01  0.10391749E+02  0.60000000E+08     1
    79    23    51        7        2     0.37774732E+02  0.32571487E+02  0.50000000E+00  0.52032448E+01  0.10406490E+02  0.60000000E+08     1
    79    23    52        7        2     0.32579066E+02  0.27557691E+02  0.50000000E+00  0.50213757E+01  0.10042751E+02  0.60000000E+08     1
    79    23    53        6        2     0.27578456E+02  0.22740615E+02  0.50000000E+00  0.48378407E+01  0.96756815E+01  0.60000000E+08     1
    79    23    54        6        2     0.22757749E+02  0.17889341E+02  0.50000000E+00  0.48684076E+01  0.97368153E+01  0.60000000E+08     1
    54    35    18       12        2     0.16855832E+03  0.16379233E+03  0.50000000E+00  0.47659837E+01  0.95319674E+01  0.60000000E+08     1
    54    35    19       12        2     0.16478594E+03  0.16005174E+03  0.50000000E+00  0.47342043E+01  0.94684086E+01  0.60000000E+08     1
    54    35    20       12        2     0.16104022E+03  0.15630407E+03  0.50000000E+00  0.47361504E+01  0.94723008E+01  0.60000000E+08     1
    54    35    21       11        2     0.15728962E+03  0.15255215E+03  0.50000000E+00  0.47374791E+01  0.94749581E+01  0.60000000E+08     1
    54    35    22       11        2     0.15353433E+03  0.14882833E+03  0.50000000E+00  0.47059949E+01  0.94119898E+01  0.60000000E+08     1
    54    35    23       11        2     0.14980398E+03  0.14512802E+03  0.50000000E+00  0.46759574E+01  0.93519147E+01  0.60000000E+08     1
    54    35    24       11        2     0.14609582E+03  0.14145250E+03  0.50000000E+00  0.46433209E+01  0.92866419E+01  0.60000000E+08     1
    54    35    25       11        2     0.14241172E+03  0.13780218E+03  0.50000000E+00  0.46095409E+01  0.92190818E+01  0.60000000E+08     1
    54    35    26       11        2     0.13875226E+03  0.13417776E+03  0.50000000E+00  0.45744986E+01  0.91489973E+01  0.60000000E+08     1
    54    35    27       11        2     0.13511802E+03  0.13058006E+03  0.50000000E+00  0.45379635E+01  0.90759271E+01  0.60000000E+08     1
    54    35    28       11        2     0.13150961E+03  0.12701003E+03  0.50000000E+00  0.44995776E+01  0.89991553E+01  0.60000000E+08     1
    54    35    29       11        2     0.12792768E+03  0.12346885E+03  0.50000000E+00  0.44588309E+01  0.89176618E+01  0.60000000E+08     1
    54    35    30       11        2     0.12437305E+03  0.11995803E+03  0.50000000E+00  0.44150200E+01  0.88300400E+01  0.60000000E+08     1
    54    35    31       11        2     0.12084678E+03  0.11647959E+03  0.50000000E+00  0.43671981E+01  0.87343961E+01  0.60000000E+08     1
    54    35    32       11        2     0.11735040E+03  0.11303626E+03  0.50000000E+00  0.43141391E+01  0.86282782E+01  0.60000000E+08     1
    54    35    33       11        2     0.11388608E+03  0.10963170E+03  0.50000000E+00  0.42543847E+01  0.85087693E+01  0.60000000E+08     1
    54    35    34       11        2     0.11045698E+03  0.10627044E+03  0.50000000E+00  0.41865475E+01  0.83730950E+01  0.60000000E+08     1
    54    35    35       11        2     0.10706733E+03  0.10295704E+03  0.50000000E+00  0.41102943E+01  0.82205886E+01  0.60000000E+08     1
    54    35    36       11        2     0.10372178E+03  0.98804323E+02  0.50000000E+00  0.49174569E+01  0.98349137E+01  0.60000000E+08     1
    54    35    37       10        2     0.99525484E+02  0.93801123E+02  0.50000000E+00  0.57243605E+01  0.11448721E+02  0.60000000E+08     1
    54    35    38       10        2     0.94468607E+02  0.88818554E+02  0.50000000E+00  0.56500532E+01  0.11300106E+02  0.60000000E+08     1
    54    35    39       10        2     0.89433372E+02  0.83852054E+02  0.50000000E+00  0.55813172E+01  0.11162634E+02  0.60000000E+08     1
    54    35    40       10        2     0.84417589E+02  0.78904814E+02  0.50000000E+00  0.55127755E+01  0.11025551E+02  0.60000000E+08     1
    54    35    41       10        2     0.79425037E+02  0.73984686E+02  0.50000000E+00  0.54403512E+01  0.10880702E+02  0.60000000E+08     1
    54    35    42       10        2     0.74462979E+02  0.69104925E+02  0.50000000E+00  0.53580542E+01  0.10716108E+02  0.60000000E+08     1
    54    35    43       10        2     0.69543601E+02  0.64288775E+02  0.50000000E+00  0.52548252E+01  0.10509650E+02  0.60000000E+08     1
    54    35    44       10        2     0.64689084E+02  0.59580391E+02  0.50000000E+00  0.51086930E+01  0.10217386E+02  0.60000000E+08     1
    54    35    45       10        2     0.59942841E+02  0.55068754E+02  0.50000000E+00  0.48740876E+01  0.97481753E+01  0.60000000E+08     1
    54    35    46       10        2     0.55393751E+02  0.51962377E+02  0.50000000E+00  0.34313745E+01  0.68627490E+01  0.60000000E+08     1
    54    35    47        9        2     0.52259556E+02  0.50067965E+02  0.50000000E+00  0.21915909E+01  0.43831817E+01  0.60000000E+08     1
    54    35    48        9        2     0.50346255E+02  0.47497134E+02  0.50000000E+00  0.28491214E+01  0.56982429E+01  0.60000000E+08     1
    54    35    49        8        2     0.47749201E+02  0.44277886E+02  0.50000000E+00  0.34713151E+01  0.69426302E+01  0.60000000E+08     1
    54    35    50        8        2     0.44498192E+02  0.40344676E+02  0.50000000E+00  0.41535164E+01  0.83070328E+01  0.60000000E+08     1
    54    35    51        7        2     0.40529713E+02  0.35710074E+02  0.50000000E+00  0.48196384E+01  0.96392768E+01  0.60000000E+08     1
    54    35    52        7        2     0.35855226E+02  0.31108668E+02  0.50000000E+00  0.47465587E+01  0.94931173E+01  0.60000000E+08     1
    54    35    53        7        2     0.31214533E+02  0.26543506E+02  0.50000000E+00  0.46710269E+01  0.93420538E+01  0.60000000E+08     1
    54    35    54        7        2     0.26612948E+02  0.22014892E+02  0.50000000E+00  0.45980562E+01  0.91961125E+01  0.60000000E+08     1
    54    35    55        7        2     0.22052976E+02  0.17520305E+02  0.50000000E+00  0.45326713E+01  0.90653426E+01  0.60000000E+08     1
    50    45    27       11        2     0.13716738E+03  0.13259854E+03  0.50000000E+00  0.45688338E+01  0.91376676E+01  0.60000000E+08     1
    50    45    28       11        2     0.13364276E+03  0.12910242E+03  0.50000000E+00  0.45403357E+01  0.90806715E+01  0.60000000E+08     1
    50    45    29       11        2     0.13014698E+03  0.12563626E+03  0.50000000E+00  0.45107233E+01  0.90214466E+01  0.60000000E+08     1
    50    45    30       11        2     0.12668035E+03  0.12220110E+03  0.50000000E+00  0.44792540E+01  0.89585080E+01  0.60000000E+08     1
    50    45    31       11        2     0.12324327E+03  0.11879860E+03  0.50000000E+00  0.44446641E+01  0.88893282E+01  0.60000000E+08     1
    50    45    32       11        2     0.11983638E+03  0.11543170E+03  0.50000000E+00  0.44046772E+01  0.88093544E+01  0.60000000E+08     1
    50    45    33       11        2     0.11646088E+03  0.11210601E+03  0.50000000E+00  0.43548696E+01  0.87097392E+01  0.60000000E+08     1
    50    45    34       11        2     0.11311919E+03  0.10883341E+03  0.50000000E+00  0.42857839E+01  0.85715677E+01  0.60000000E+08     1
    50    45    35       11        2     0.10981609E+03  0.10564108E+03  0.50000000E+00  0.41750060E+01  0.83500120E+01  0.60000000E+08     1
    50    45    36       11        2     0.10655979E+03  0.10177092E+03  0.50000000E+00  0.47888666E+01  0.95777332E+01  0.60000000E+08     1
    50    45    37       10        2     0.10249347E+03  0.97079256E+02  0.50000000E+00  0.54142187E+01  0.10828437E+02  0.60000000E+08     1
    50    45    38       10        2     0.97595506E+02  0.92265274E+02  0.50000000E+00  0.53302311E+01  0.10660462E+02  0.60000000E+08     1
    50    45    39       10        2     0.92705115E+02  0.87417734E+02  0.50000000E+00  0.52873804E+01  0.10574761E+02  0.60000000E+08     1
    50    45    40       10        2     0.87824712E+02  0.82571674E+02  0.50000000E+00  0.52530382E+01  0.10506076E+02  0.60000000E+08     1
    50    45    41       10        2     0.82960829E+02  0.77742553E+02  0.50000000E+00  0.52182760E+01  0.10436552E+02  0.60000000E+08     1
    50    45    42       10        2     0.78118865E+02  0.72938417E+02  0.50000000E+00  0.51804478E+01  0.10360896E+02  0.60000000E+08     1
    50    45    43       10        2     0.73302472E+02  0.68163863E+02  0.50000000E+00  0.51386088E+01  0.10277218E+02  0.60000000E+08     1
    50    45    44       10        2     0.68513277E+02  0.63420688E+02  0.50000000E+00  0.50925884E+01  0.10185177E+02  0.60000000E+08     1
    50    45    45       10        2     0.63750046E+02  0.58707157E+02  0.50000000E+00  0.50428888E+01  0.10085778E+02  0.60000000E+08     1
    50    45    46       10        2     0.59007457E+02  0.55386813E+02  0.50000000E+00  0.36206440E+01  0.72412880E+01  0.60000000E+08     1
    50    45    47        9        2     0.55657136E+02  0.53448281E+02  0.50000000E+00  0.22088552E+01  0.44177103E+01  0.60000000E+08     1
    50    45    48        9        2     0.53686571E+02  0.50878415E+02  0.50000000E+00  0.28081559E+01  0.56163119E+01  0.60000000E+08     1
    50    45    49        8        2     0.51065829E+02  0.47683527E+02  0.50000000E+00  0.33823020E+01  0.67646039E+01  0.60000000E+08     1
    50    45    50        8        2     0.47809501E+02  0.43794502E+02  0.50000000E+00  0.40149991E+01  0.80299981E+01  0.60000000E+08     1
    50    45    51        7        2     0.43858492E+02  0.39215953E+02  0.50000000E+00  0.46425390E+01  0.92850779E+01  0.60000000E+08     1
    50    45    52        7        2     0.39224842E+02  0.34663423E+02  0.50000000E+00  0.45614195E+01  0.91228390E+01  0.60000000E+08     1
    50    45    53        7        2     0.34634035E+02  0.30133358E+02  0.50000000E+00  0.45006773E+01  0.90013545E+01  0.60000000E+08     1
    50    45    54        7        2     0.30080103E+02  0.25616682E+02  0.50000000E+00  0.44634213E+01  0.89268425E+01  0.60000000E+08     1
    50    45    55        7        2     0.25556342E+02  0.21304517E+02  0.50000000E+00  0.42518249E+01  0.85036499E+01  0.60000000E+08     1
