% Shemat-Suite version: SHEMAT-Suite 9.0 (Freely)                                                       
% data fit at iteration                final
%    i     j     k     unit     type               calc             obs             err            diff             res            time  ozone
    32    15    21       12        2     0.15613081E+03  0.15145234E+03  0.50000000E+00  0.46784718E+01  0.93569437E+01  0.60000000E+08     1
    32    15    22       12        2     0.15238731E+03  0.14773580E+03  0.50000000E+00  0.46515149E+01  0.93030297E+01  0.60000000E+08     1
    32    15    23       12        2     0.14866198E+03  0.14403725E+03  0.50000000E+00  0.46247234E+01  0.92494468E+01  0.60000000E+08     1
    32    15    24       12        2     0.14495431E+03  0.14035619E+03  0.50000000E+00  0.45981237E+01  0.91962475E+01  0.60000000E+08     1
    32    15    25       12        2     0.14126377E+03  0.13669201E+03  0.50000000E+00  0.45717554E+01  0.91435108E+01  0.60000000E+08     1
    32    15    26       12        2     0.13758974E+03  0.13304408E+03  0.50000000E+00  0.45456585E+01  0.90913171E+01  0.60000000E+08     1
    32    15    27       12        2     0.13393155E+03  0.12941170E+03  0.50000000E+00  0.45198506E+01  0.90397011E+01  0.60000000E+08     1
    32    15    28       12        2     0.13028845E+03  0.12579415E+03  0.50000000E+00  0.44943070E+01  0.89886140E+01  0.60000000E+08     1
    32    15    29       12        2     0.12665973E+03  0.12219071E+03  0.50000000E+00  0.44690210E+01  0.89380420E+01  0.60000000E+08     1
    32    15    30       12        2     0.12304461E+03  0.11860055E+03  0.50000000E+00  0.44440605E+01  0.88881211E+01  0.60000000E+08     1
    32    15    31       12        2     0.11944225E+03  0.11502268E+03  0.50000000E+00  0.44195726E+01  0.88391451E+01  0.60000000E+08     1
    32    15    32       12        2     0.11585162E+03  0.11145585E+03  0.50000000E+00  0.43957666E+01  0.87915332E+01  0.60000000E+08     1
    32    15    33       12        2     0.11227142E+03  0.10789855E+03  0.50000000E+00  0.43728720E+01  0.87457440E+01  0.60000000E+08     1
    32    15    34       12        2     0.10870013E+03  0.10434913E+03  0.50000000E+00  0.43509997E+01  0.87019994E+01  0.60000000E+08     1
    32    15    35       12        2     0.10513604E+03  0.10080633E+03  0.50000000E+00  0.43297140E+01  0.86594280E+01  0.60000000E+08     1
    32    15    36       12        2     0.10157781E+03  0.97269028E+02  0.50000000E+00  0.43087844E+01  0.86175688E+01  0.60000000E+08     1
    32    15    37       12        2     0.98024274E+02  0.93735758E+02  0.50000000E+00  0.42885163E+01  0.85770325E+01  0.60000000E+08     1
    32    15    38       12        2     0.94473869E+02  0.90204327E+02  0.50000000E+00  0.42695426E+01  0.85390852E+01  0.60000000E+08     1
    32    15    39       12        2     0.90924414E+02  0.86671385E+02  0.50000000E+00  0.42530285E+01  0.85060570E+01  0.60000000E+08     1
    32    15    40       12        2     0.87372796E+02  0.83131509E+02  0.50000000E+00  0.42412873E+01  0.84825746E+01  0.60000000E+08     1
    32    15    41       12        2     0.83814365E+02  0.79575263E+02  0.50000000E+00  0.42391022E+01  0.84782045E+01  0.60000000E+08     1
    32    15    42       12        2     0.80241454E+02  0.75984904E+02  0.50000000E+00  0.42565507E+01  0.85131014E+01  0.60000000E+08     1
    32    15    43       12        2     0.76639513E+02  0.72324252E+02  0.50000000E+00  0.43152613E+01  0.86305226E+01  0.60000000E+08     1
    32    15    44       12        2     0.72976689E+02  0.68531442E+02  0.50000000E+00  0.44452469E+01  0.88904938E+01  0.60000000E+08     1
    32    15    45       12        2     0.69193660E+02  0.64669560E+02  0.50000000E+00  0.45240995E+01  0.90481991E+01  0.60000000E+08     1
    32    15    46       12        2     0.65337066E+02  0.60810325E+02  0.50000000E+00  0.45267416E+01  0.90534831E+01  0.60000000E+08     1
    32    15    47       12        2     0.61471075E+02  0.56994213E+02  0.50000000E+00  0.44768623E+01  0.89537247E+01  0.60000000E+08     1
    32    15    48       12        2     0.57638774E+02  0.53259247E+02  0.50000000E+00  0.43795267E+01  0.87590534E+01  0.60000000E+08     1
    32    15    49       12        2     0.53879527E+02  0.49667649E+02  0.50000000E+00  0.42118777E+01  0.84237554E+01  0.60000000E+08     1
    32    15    50       12        2     0.50252297E+02  0.46839711E+02  0.50000000E+00  0.34125862E+01  0.68251723E+01  0.60000000E+08     1
    32    15    51        9        2     0.47379604E+02  0.43918630E+02  0.50000000E+00  0.34609744E+01  0.69219489E+01  0.60000000E+08     1
    32    15    52        8        2     0.44354682E+02  0.40376437E+02  0.50000000E+00  0.39782448E+01  0.79564895E+01  0.60000000E+08     1
    32    15    53        8        2     0.40691482E+02  0.36129785E+02  0.50000000E+00  0.45616975E+01  0.91233949E+01  0.60000000E+08     1
    32    15    54        7        2     0.36340948E+02  0.31150589E+02  0.50000000E+00  0.51903589E+01  0.10380718E+02  0.60000000E+08     1
    32    15    55        7        2     0.31268107E+02  0.26234622E+02  0.50000000E+00  0.50334841E+01  0.10066968E+02  0.60000000E+08     1
    32    15    56        7        2     0.26292677E+02  0.21462407E+02  0.50000000E+00  0.48302698E+01  0.96605397E+01  0.60000000E+08     1
    32    15    57        7        2     0.21485930E+02  0.17040457E+02  0.50000000E+00  0.44454729E+01  0.88909457E+01  0.60000000E+08     1
    79    23    31       12        2     0.11630117E+03  0.11190129E+03  0.50000000E+00  0.43998797E+01  0.87997593E+01  0.60000000E+08     1
    79    23    32       12        2     0.11268456E+03  0.10831165E+03  0.50000000E+00  0.43729131E+01  0.87458262E+01  0.60000000E+08     1
    79    23    33       12        2     0.10908498E+03  0.10473877E+03  0.50000000E+00  0.43462090E+01  0.86924180E+01  0.60000000E+08     1
    79    23    34       12        2     0.10550209E+03  0.10118208E+03  0.50000000E+00  0.43200080E+01  0.86400160E+01  0.60000000E+08     1
    79    23    35       12        2     0.10193539E+03  0.97640698E+02  0.50000000E+00  0.42946922E+01  0.85893844E+01  0.60000000E+08     1
    79    23    36       12        2     0.98384119E+02  0.94113242E+02  0.50000000E+00  0.42708770E+01  0.85417541E+01  0.60000000E+08     1
    79    23    37       12        2     0.94847068E+02  0.90597498E+02  0.50000000E+00  0.42495697E+01  0.84991393E+01  0.60000000E+08     1
    79    23    38       12        2     0.91322231E+02  0.87089785E+02  0.50000000E+00  0.42324468E+01  0.84648935E+01  0.60000000E+08     1
    79    23    39       12        2     0.87806118E+02  0.83583770E+02  0.50000000E+00  0.42223477E+01  0.84446954E+01  0.60000000E+08     1
    79    23    40       12        2     0.84292395E+02  0.80068237E+02  0.50000000E+00  0.42241576E+01  0.84483152E+01  0.60000000E+08     1
    79    23    41       12        2     0.80769144E+02  0.76522745E+02  0.50000000E+00  0.42463988E+01  0.84927976E+01  0.60000000E+08     1
    79    23    42       12        2     0.77213242E+02  0.72909137E+02  0.50000000E+00  0.43041056E+01  0.86082111E+01  0.60000000E+08     1
    79    23    43       12        2     0.73578738E+02  0.68506751E+02  0.50000000E+00  0.50719870E+01  0.10143974E+02  0.60000000E+08     1
    79    23    44        6        2     0.69116225E+02  0.64742587E+02  0.50000000E+00  0.43736376E+01  0.87472752E+01  0.60000000E+08     1
    79    23    45        9        2     0.65228800E+02  0.61703930E+02  0.50000000E+00  0.35248693E+01  0.70497385E+01  0.60000000E+08     1
    79    23    46        8        2     0.62028827E+02  0.57964762E+02  0.50000000E+00  0.40640645E+01  0.81281289E+01  0.60000000E+08     1
    79    23    47        8        2     0.58130894E+02  0.53428196E+02  0.50000000E+00  0.47026981E+01  0.94053962E+01  0.60000000E+08     1
    79    23    48        7        2     0.53519804E+02  0.48175945E+02  0.50000000E+00  0.53438591E+01  0.10687718E+02  0.60000000E+08     1
    79    23    49        7        2     0.48223263E+02  0.42972006E+02  0.50000000E+00  0.52512561E+01  0.10502512E+02  0.60000000E+08     1
    79    23    50        7        2     0.42993143E+02  0.37780273E+02  0.50000000E+00  0.52128698E+01  0.10425740E+02  0.60000000E+08     1
    79    23    51        7        2     0.37788529E+02  0.32571487E+02  0.50000000E+00  0.52170423E+01  0.10434085E+02  0.60000000E+08     1
    79    23    52        7        2     0.32589682E+02  0.27557691E+02  0.50000000E+00  0.50319909E+01  0.10063982E+02  0.60000000E+08     1
    79    23    53        6        2     0.27586025E+02  0.22740615E+02  0.50000000E+00  0.48454101E+01  0.96908203E+01  0.60000000E+08     1
    79    23    54        6        2     0.22762402E+02  0.17889341E+02  0.50000000E+00  0.48730610E+01  0.97461221E+01  0.60000000E+08     1
    54    35    18       12        2     0.16886172E+03  0.16379233E+03  0.50000000E+00  0.50693857E+01  0.10138771E+02  0.60000000E+08     1
    54    35    19       12        2     0.16508942E+03  0.16005174E+03  0.50000000E+00  0.50376884E+01  0.10075377E+02  0.60000000E+08     1
    54    35    20       12        2     0.16134561E+03  0.15630407E+03  0.50000000E+00  0.50415404E+01  0.10083081E+02  0.60000000E+08     1
    54    35    21       11        2     0.15759940E+03  0.15255215E+03  0.50000000E+00  0.50472525E+01  0.10094505E+02  0.60000000E+08     1
    54    35    22       11        2     0.15385147E+03  0.14882833E+03  0.50000000E+00  0.50231424E+01  0.10046285E+02  0.60000000E+08     1
    54    35    23       11        2     0.15013339E+03  0.14512802E+03  0.50000000E+00  0.50053724E+01  0.10010745E+02  0.60000000E+08     1
    54    35    24       11        2     0.14644035E+03  0.14145250E+03  0.50000000E+00  0.49878532E+01  0.99757065E+01  0.60000000E+08     1
    54    35    25       11        2     0.14277371E+03  0.13780218E+03  0.50000000E+00  0.49715356E+01  0.99430711E+01  0.60000000E+08     1
    54    35    26       11        2     0.13913415E+03  0.13417776E+03  0.50000000E+00  0.49563899E+01  0.99127799E+01  0.60000000E+08     1
    54    35    27       11        2     0.13552266E+03  0.13058006E+03  0.50000000E+00  0.49426066E+01  0.98852133E+01  0.60000000E+08     1
    54    35    28       11        2     0.13194046E+03  0.12701003E+03  0.50000000E+00  0.49304284E+01  0.98608569E+01  0.60000000E+08     1
    54    35    29       11        2     0.12838892E+03  0.12346885E+03  0.50000000E+00  0.49200715E+01  0.98401431E+01  0.60000000E+08     1
    54    35    30       11        2     0.12486971E+03  0.11995803E+03  0.50000000E+00  0.49116811E+01  0.98233622E+01  0.60000000E+08     1
    54    35    31       11        2     0.12138490E+03  0.11647959E+03  0.50000000E+00  0.49053165E+01  0.98106330E+01  0.60000000E+08     1
    54    35    32       11        2     0.11793729E+03  0.11303626E+03  0.50000000E+00  0.49010353E+01  0.98020706E+01  0.60000000E+08     1
    54    35    33       11        2     0.11453103E+03  0.10963170E+03  0.50000000E+00  0.48993310E+01  0.97986621E+01  0.60000000E+08     1
    54    35    34       11        2     0.11117313E+03  0.10627044E+03  0.50000000E+00  0.49026976E+01  0.98053952E+01  0.60000000E+08     1
    54    35    35       11        2     0.10787757E+03  0.10295704E+03  0.50000000E+00  0.49205361E+01  0.98410722E+01  0.60000000E+08     1
    54    35    36       10        2     0.10381342E+03  0.98804323E+02  0.50000000E+00  0.50090962E+01  0.10018192E+02  0.60000000E+08     1
    54    35    37       10        2     0.98919991E+02  0.93801123E+02  0.50000000E+00  0.51188680E+01  0.10237736E+02  0.60000000E+08     1
    54    35    38       10        2     0.93970711E+02  0.88818554E+02  0.50000000E+00  0.51521566E+01  0.10304313E+02  0.60000000E+08     1
    54    35    39       10        2     0.89008298E+02  0.83852054E+02  0.50000000E+00  0.51562433E+01  0.10312487E+02  0.60000000E+08     1
    54    35    40       10        2     0.84050681E+02  0.78904814E+02  0.50000000E+00  0.51458673E+01  0.10291735E+02  0.60000000E+08     1
    54    35    41       10        2     0.79108137E+02  0.73984686E+02  0.50000000E+00  0.51234511E+01  0.10246902E+02  0.60000000E+08     1
    54    35    42       10        2     0.74190156E+02  0.69104925E+02  0.50000000E+00  0.50852308E+01  0.10170462E+02  0.60000000E+08     1
    54    35    43       10        2     0.69309904E+02  0.64288775E+02  0.50000000E+00  0.50211287E+01  0.10042257E+02  0.60000000E+08     1
    54    35    44       10        2     0.64490166E+02  0.59580391E+02  0.50000000E+00  0.49097751E+01  0.98195502E+01  0.60000000E+08     1
    54    35    45       10        2     0.59774728E+02  0.55068754E+02  0.50000000E+00  0.47059743E+01  0.94119486E+01  0.60000000E+08     1
    54    35    46       10        2     0.55252507E+02  0.51962377E+02  0.50000000E+00  0.32901304E+01  0.65802608E+01  0.60000000E+08     1
    54    35    47        9        2     0.52136672E+02  0.50067965E+02  0.50000000E+00  0.20687066E+01  0.41374132E+01  0.60000000E+08     1
    54    35    48        9        2     0.50233065E+02  0.47497134E+02  0.50000000E+00  0.27359310E+01  0.54718620E+01  0.60000000E+08     1
    54    35    49        8        2     0.47647100E+02  0.44277886E+02  0.50000000E+00  0.33692139E+01  0.67384279E+01  0.60000000E+08     1
    54    35    50        8        2     0.44408603E+02  0.40344676E+02  0.50000000E+00  0.40639272E+01  0.81278543E+01  0.60000000E+08     1
    54    35    51        7        2     0.40453910E+02  0.35710074E+02  0.50000000E+00  0.47438358E+01  0.94876716E+01  0.60000000E+08     1
    54    35    52        7        2     0.35794629E+02  0.31108668E+02  0.50000000E+00  0.46859610E+01  0.93719219E+01  0.60000000E+08     1
    54    35    53        7        2     0.31168265E+02  0.26543506E+02  0.50000000E+00  0.46247588E+01  0.92495177E+01  0.60000000E+08     1
    54    35    54        7        2     0.26580291E+02  0.22014892E+02  0.50000000E+00  0.45653987E+01  0.91307975E+01  0.60000000E+08     1
    54    35    55        7        2     0.22033363E+02  0.17520305E+02  0.50000000E+00  0.45130580E+01  0.90261161E+01  0.60000000E+08     1
    50    45    27       11        2     0.13738826E+03  0.13259854E+03  0.50000000E+00  0.47897143E+01  0.95794286E+01  0.60000000E+08     1
    50    45    28       11        2     0.13386418E+03  0.12910242E+03  0.50000000E+00  0.47617633E+01  0.95235267E+01  0.60000000E+08     1
    50    45    29       11        2     0.13036913E+03  0.12563626E+03  0.50000000E+00  0.47328697E+01  0.94657393E+01  0.60000000E+08     1
    50    45    30       11        2     0.12690335E+03  0.12220110E+03  0.50000000E+00  0.47022549E+01  0.94045099E+01  0.60000000E+08     1
    50    45    31       11        2     0.12346713E+03  0.11879860E+03  0.50000000E+00  0.46685244E+01  0.93370489E+01  0.60000000E+08     1
    50    45    32       11        2     0.12006075E+03  0.11543170E+03  0.50000000E+00  0.46290517E+01  0.92581034E+01  0.60000000E+08     1
    50    45    33       11        2     0.11668460E+03  0.11210601E+03  0.50000000E+00  0.45785841E+01  0.91571683E+01  0.60000000E+08     1
    50    45    34       11        2     0.11333927E+03  0.10883341E+03  0.50000000E+00  0.45058630E+01  0.90117260E+01  0.60000000E+08     1
    50    45    35       11        2     0.11002601E+03  0.10564108E+03  0.50000000E+00  0.43849288E+01  0.87698577E+01  0.60000000E+08     1
    50    45    36       11        2     0.10674722E+03  0.10177092E+03  0.50000000E+00  0.49762939E+01  0.99525878E+01  0.60000000E+08     1
    50    45    37       10        2     0.10263046E+03  0.97079256E+02  0.50000000E+00  0.55512053E+01  0.11102411E+02  0.60000000E+08     1
    50    45    38       10        2     0.97674975E+02  0.92265274E+02  0.50000000E+00  0.54097004E+01  0.10819401E+02  0.60000000E+08     1
    50    45    39       10        2     0.92750461E+02  0.87417734E+02  0.50000000E+00  0.53327270E+01  0.10665454E+02  0.60000000E+08     1
    50    45    40       10        2     0.87852291E+02  0.82571674E+02  0.50000000E+00  0.52806169E+01  0.10561234E+02  0.60000000E+08     1
    50    45    41       10        2     0.82979497E+02  0.77742553E+02  0.50000000E+00  0.52369443E+01  0.10473889E+02  0.60000000E+08     1
    50    45    42       10        2     0.78132956E+02  0.72938417E+02  0.50000000E+00  0.51945389E+01  0.10389078E+02  0.60000000E+08     1
    50    45    43       10        2     0.73313986E+02  0.68163863E+02  0.50000000E+00  0.51501232E+01  0.10300246E+02  0.60000000E+08     1
    50    45    44       10        2     0.68523100E+02  0.63420688E+02  0.50000000E+00  0.51024114E+01  0.10204823E+02  0.60000000E+08     1
    50    45    45       10        2     0.63758562E+02  0.58707157E+02  0.50000000E+00  0.50514043E+01  0.10102809E+02  0.60000000E+08     1
    50    45    46       10        2     0.59014842E+02  0.55386813E+02  0.50000000E+00  0.36280291E+01  0.72560582E+01  0.60000000E+08     1
    50    45    47        9        2     0.55663782E+02  0.53448281E+02  0.50000000E+00  0.22155014E+01  0.44310028E+01  0.60000000E+08     1
    50    45    48        9        2     0.53692829E+02  0.50878415E+02  0.50000000E+00  0.28144141E+01  0.56288281E+01  0.60000000E+08     1
    50    45    49        8        2     0.51071592E+02  0.47683527E+02  0.50000000E+00  0.33880656E+01  0.67761312E+01  0.60000000E+08     1
    50    45    50        8        2     0.47814680E+02  0.43794502E+02  0.50000000E+00  0.40201785E+01  0.80403571E+01  0.60000000E+08     1
    50    45    51        7        2     0.43862982E+02  0.39215953E+02  0.50000000E+00  0.46470287E+01  0.92940574E+01  0.60000000E+08     1
    50    45    52        7        2     0.39228551E+02  0.34663423E+02  0.50000000E+00  0.45651288E+01  0.91302577E+01  0.60000000E+08     1
    50    45    53        7        2     0.34636999E+02  0.30133358E+02  0.50000000E+00  0.45036403E+01  0.90072807E+01  0.60000000E+08     1
    50    45    54        7        2     0.30082351E+02  0.25616682E+02  0.50000000E+00  0.44656689E+01  0.89313378E+01  0.60000000E+08     1
    50    45    55        7        2     0.25557899E+02  0.21304517E+02  0.50000000E+00  0.42533818E+01  0.85067635E+01  0.60000000E+08     1
