% Shemat-Suite version: SHEMAT-Suite 9.0 (Freely)                                                       
% data fit at iteration                final
%    i     j     k     unit     type               calc             obs             err            diff             res            time  ozone
    32    15    21       12        2     0.15538337E+03  0.15145234E+03  0.50000000E+00  0.39310371E+01  0.78620741E+01  0.60000000E+08     1
    32    15    22       12        2     0.15164846E+03  0.14773580E+03  0.50000000E+00  0.39126573E+01  0.78253145E+01  0.60000000E+08     1
    32    15    23       12        2     0.14793219E+03  0.14403725E+03  0.50000000E+00  0.38949375E+01  0.77898749E+01  0.60000000E+08     1
    32    15    24       12        2     0.14423414E+03  0.14035619E+03  0.50000000E+00  0.38779592E+01  0.77559184E+01  0.60000000E+08     1
    32    15    25       12        2     0.14055383E+03  0.13669201E+03  0.50000000E+00  0.38618211E+01  0.77236422E+01  0.60000000E+08     1
    32    15    26       12        2     0.13689071E+03  0.13304408E+03  0.50000000E+00  0.38466260E+01  0.76932521E+01  0.60000000E+08     1
    32    15    27       12        2     0.13324415E+03  0.12941170E+03  0.50000000E+00  0.38324565E+01  0.76649129E+01  0.60000000E+08     1
    32    15    28       12        2     0.12961350E+03  0.12579415E+03  0.50000000E+00  0.38193540E+01  0.76387080E+01  0.60000000E+08     1
    32    15    29       12        2     0.12599809E+03  0.12219071E+03  0.50000000E+00  0.38073770E+01  0.76147540E+01  0.60000000E+08     1
    32    15    30       12        2     0.12239721E+03  0.11860055E+03  0.50000000E+00  0.37966574E+01  0.75933147E+01  0.60000000E+08     1
    32    15    31       12        2     0.11881008E+03  0.11502268E+03  0.50000000E+00  0.37874025E+01  0.75748050E+01  0.60000000E+08     1
    32    15    32       12        2     0.11523573E+03  0.11145585E+03  0.50000000E+00  0.37798774E+01  0.75597547E+01  0.60000000E+08     1
    32    15    33       12        2     0.11167291E+03  0.10789855E+03  0.50000000E+00  0.37743600E+01  0.75487201E+01  0.60000000E+08     1
    32    15    34       12        2     0.10812014E+03  0.10434913E+03  0.50000000E+00  0.37710045E+01  0.75420090E+01  0.60000000E+08     1
    32    15    35       12        2     0.10457574E+03  0.10080633E+03  0.50000000E+00  0.37694161E+01  0.75388321E+01  0.60000000E+08     1
    32    15    36       12        2     0.10103844E+03  0.97269028E+02  0.50000000E+00  0.37694119E+01  0.75388239E+01  0.60000000E+08     1
    32    15    37       12        2     0.97507155E+02  0.93735758E+02  0.50000000E+00  0.37713975E+01  0.75427950E+01  0.60000000E+08     1
    32    15    38       12        2     0.93980534E+02  0.90204327E+02  0.50000000E+00  0.37762071E+01  0.75524141E+01  0.60000000E+08     1
    32    15    39       12        2     0.90456776E+02  0.86671385E+02  0.50000000E+00  0.37853910E+01  0.75707820E+01  0.60000000E+08     1
    32    15    40       12        2     0.86933477E+02  0.83131509E+02  0.50000000E+00  0.38019683E+01  0.76039366E+01  0.60000000E+08     1
    32    15    41       12        2     0.83407261E+02  0.79575263E+02  0.50000000E+00  0.38319980E+01  0.76639960E+01  0.60000000E+08     1
    32    15    42       12        2     0.79872887E+02  0.75984904E+02  0.50000000E+00  0.38879830E+01  0.77759659E+01  0.60000000E+08     1
    32    15    43       12        2     0.76321095E+02  0.72324252E+02  0.50000000E+00  0.39968431E+01  0.79936863E+01  0.60000000E+08     1
    32    15    44       12        2     0.72733697E+02  0.68531442E+02  0.50000000E+00  0.42022551E+01  0.84045102E+01  0.60000000E+08     1
    32    15    45       12        2     0.69082487E+02  0.64669560E+02  0.50000000E+00  0.44129272E+01  0.88258544E+01  0.60000000E+08     1
    32    15    46       12        2     0.65310311E+02  0.60810325E+02  0.50000000E+00  0.44999864E+01  0.89999729E+01  0.60000000E+08     1
    32    15    47       12        2     0.61473266E+02  0.56994213E+02  0.50000000E+00  0.44790534E+01  0.89581068E+01  0.60000000E+08     1
    32    15    48       12        2     0.57649855E+02  0.53259247E+02  0.50000000E+00  0.43906077E+01  0.87812153E+01  0.60000000E+08     1
    32    15    49       12        2     0.53893358E+02  0.49667649E+02  0.50000000E+00  0.42257087E+01  0.84514174E+01  0.60000000E+08     1
    32    15    50       12        2     0.50269061E+02  0.46839711E+02  0.50000000E+00  0.34293504E+01  0.68587009E+01  0.60000000E+08     1
    32    15    51        9        2     0.47396637E+02  0.43918630E+02  0.50000000E+00  0.34780073E+01  0.69560145E+01  0.60000000E+08     1
    32    15    52        8        2     0.44370112E+02  0.40376437E+02  0.50000000E+00  0.39936745E+01  0.79873491E+01  0.60000000E+08     1
    32    15    53        8        2     0.40704108E+02  0.36129785E+02  0.50000000E+00  0.45743233E+01  0.91486465E+01  0.60000000E+08     1
    32    15    54        7        2     0.36350673E+02  0.31150589E+02  0.50000000E+00  0.52000842E+01  0.10400168E+02  0.60000000E+08     1
    32    15    55        7        2     0.31274810E+02  0.26234622E+02  0.50000000E+00  0.50401880E+01  0.10080376E+02  0.60000000E+08     1
    32    15    56        7        2     0.26296765E+02  0.21462407E+02  0.50000000E+00  0.48343581E+01  0.96687163E+01  0.60000000E+08     1
    32    15    57        7        2     0.21487879E+02  0.17040457E+02  0.50000000E+00  0.44474226E+01  0.88948451E+01  0.60000000E+08     1
    79    23    31       12        2     0.11604690E+03  0.11190129E+03  0.50000000E+00  0.41456065E+01  0.82912129E+01  0.60000000E+08     1
    79    23    32       12        2     0.11243884E+03  0.10831165E+03  0.50000000E+00  0.41271872E+01  0.82543744E+01  0.60000000E+08     1
    79    23    33       12        2     0.10884790E+03  0.10473877E+03  0.50000000E+00  0.41091304E+01  0.82182608E+01  0.60000000E+08     1
    79    23    34       12        2     0.10527375E+03  0.10118208E+03  0.50000000E+00  0.40916646E+01  0.81833292E+01  0.60000000E+08     1
    79    23    35       12        2     0.10171586E+03  0.97640698E+02  0.50000000E+00  0.40751595E+01  0.81503189E+01  0.60000000E+08     1
    79    23    36       12        2     0.98173460E+02  0.94113242E+02  0.50000000E+00  0.40602180E+01  0.81204360E+01  0.60000000E+08     1
    79    23    37       12        2     0.94645334E+02  0.90597498E+02  0.50000000E+00  0.40478355E+01  0.80956709E+01  0.60000000E+08     1
    79    23    38       12        2     0.91129462E+02  0.87089785E+02  0.50000000E+00  0.40396778E+01  0.80793557E+01  0.60000000E+08     1
    79    23    39       12        2     0.87622347E+02  0.83583770E+02  0.50000000E+00  0.40385766E+01  0.80771531E+01  0.60000000E+08     1
    79    23    40       12        2     0.84117651E+02  0.80068237E+02  0.50000000E+00  0.40494142E+01  0.80988283E+01  0.60000000E+08     1
    79    23    41       12        2     0.80603466E+02  0.76522745E+02  0.50000000E+00  0.40807207E+01  0.81614414E+01  0.60000000E+08     1
    79    23    42       12        2     0.77056696E+02  0.72909137E+02  0.50000000E+00  0.41475587E+01  0.82951175E+01  0.60000000E+08     1
    79    23    43       12        2     0.73431458E+02  0.68506751E+02  0.50000000E+00  0.49247070E+01  0.98494139E+01  0.60000000E+08     1
    79    23    44        6        2     0.68980286E+02  0.64742587E+02  0.50000000E+00  0.42376987E+01  0.84753975E+01  0.60000000E+08     1
    79    23    45        9        2     0.65102680E+02  0.61703930E+02  0.50000000E+00  0.33987502E+01  0.67975003E+01  0.60000000E+08     1
    79    23    46        8        2     0.61911093E+02  0.57964762E+02  0.50000000E+00  0.39463311E+01  0.78926621E+01  0.60000000E+08     1
    79    23    47        8        2     0.58023178E+02  0.53428196E+02  0.50000000E+00  0.45949822E+01  0.91899644E+01  0.60000000E+08     1
    79    23    48        7        2     0.53423895E+02  0.48175945E+02  0.50000000E+00  0.52479503E+01  0.10495901E+02  0.60000000E+08     1
    79    23    49        7        2     0.48140754E+02  0.42972006E+02  0.50000000E+00  0.51687473E+01  0.10337495E+02  0.60000000E+08     1
    79    23    50        7        2     0.42923819E+02  0.37780273E+02  0.50000000E+00  0.51435459E+01  0.10287092E+02  0.60000000E+08     1
    79    23    51        7        2     0.37732270E+02  0.32571487E+02  0.50000000E+00  0.51607834E+01  0.10321567E+02  0.60000000E+08     1
    79    23    52        7        2     0.32546411E+02  0.27557691E+02  0.50000000E+00  0.49887203E+01  0.99774406E+01  0.60000000E+08     1
    79    23    53        6        2     0.27555176E+02  0.22740615E+02  0.50000000E+00  0.48145614E+01  0.96291227E+01  0.60000000E+08     1
    79    23    54        6        2     0.22743440E+02  0.17889341E+02  0.50000000E+00  0.48540993E+01  0.97081986E+01  0.60000000E+08     1
    54    35    18       12        2     0.16772259E+03  0.16379233E+03  0.50000000E+00  0.39302564E+01  0.78605129E+01  0.60000000E+08     1
    54    35    19       12        2     0.16395091E+03  0.16005174E+03  0.50000000E+00  0.38991796E+01  0.77983591E+01  0.60000000E+08     1
    54    35    20       12        2     0.16020097E+03  0.15630407E+03  0.50000000E+00  0.38968966E+01  0.77937933E+01  0.60000000E+08     1
    54    35    21       12        2     0.15647793E+03  0.15255215E+03  0.50000000E+00  0.39257843E+01  0.78515686E+01  0.60000000E+08     1
    54    35    22       11        2     0.15275027E+03  0.14882833E+03  0.50000000E+00  0.39219364E+01  0.78438727E+01  0.60000000E+08     1
    54    35    23       11        2     0.14901662E+03  0.14512802E+03  0.50000000E+00  0.38886023E+01  0.77772046E+01  0.60000000E+08     1
    54    35    24       11        2     0.14531100E+03  0.14145250E+03  0.50000000E+00  0.38584999E+01  0.77169999E+01  0.60000000E+08     1
    54    35    25       11        2     0.14163285E+03  0.13780218E+03  0.50000000E+00  0.38306732E+01  0.76613463E+01  0.60000000E+08     1
    54    35    26       11        2     0.13798178E+03  0.13417776E+03  0.50000000E+00  0.38040191E+01  0.76080382E+01  0.60000000E+08     1
    54    35    27       11        2     0.13435808E+03  0.13058006E+03  0.50000000E+00  0.37780187E+01  0.75560375E+01  0.60000000E+08     1
    54    35    28       11        2     0.13076244E+03  0.12701003E+03  0.50000000E+00  0.37524032E+01  0.75048064E+01  0.60000000E+08     1
    54    35    29       11        2     0.12719590E+03  0.12346885E+03  0.50000000E+00  0.37270474E+01  0.74540948E+01  0.60000000E+08     1
    54    35    30       11        2     0.12365989E+03  0.11995803E+03  0.50000000E+00  0.37018617E+01  0.74037234E+01  0.60000000E+08     1
    54    35    31       11        2     0.12015627E+03  0.11647959E+03  0.50000000E+00  0.36766873E+01  0.73533747E+01  0.60000000E+08     1
    54    35    32       11        2     0.11668744E+03  0.11303626E+03  0.50000000E+00  0.36511842E+01  0.73023684E+01  0.60000000E+08     1
    54    35    33       11        2     0.11325643E+03  0.10963170E+03  0.50000000E+00  0.36247365E+01  0.72494729E+01  0.60000000E+08     1
    54    35    34       11        2     0.10986693E+03  0.10627044E+03  0.50000000E+00  0.35964977E+01  0.71929954E+01  0.60000000E+08     1
    54    35    35       11        2     0.10652299E+03  0.10295704E+03  0.50000000E+00  0.35659519E+01  0.71319038E+01  0.60000000E+08     1
    54    35    36       11        2     0.10322781E+03  0.98804323E+02  0.50000000E+00  0.44234885E+01  0.88469769E+01  0.60000000E+08     1
    54    35    37       10        2     0.99096953E+02  0.93801123E+02  0.50000000E+00  0.52958300E+01  0.10591660E+02  0.60000000E+08     1
    54    35    38       10        2     0.94116880E+02  0.88818554E+02  0.50000000E+00  0.52983256E+01  0.10596651E+02  0.60000000E+08     1
    54    35    39       10        2     0.89152456E+02  0.83852054E+02  0.50000000E+00  0.53004017E+01  0.10600803E+02  0.60000000E+08     1
    54    35    40       10        2     0.84198919E+02  0.78904814E+02  0.50000000E+00  0.52941056E+01  0.10588211E+02  0.60000000E+08     1
    54    35    41       10        2     0.79259457E+02  0.73984686E+02  0.50000000E+00  0.52747712E+01  0.10549542E+02  0.60000000E+08     1
    54    35    42       10        2     0.74341902E+02  0.69104925E+02  0.50000000E+00  0.52369769E+01  0.10473954E+02  0.60000000E+08     1
    54    35    43       10        2     0.69459469E+02  0.64288775E+02  0.50000000E+00  0.51706933E+01  0.10341387E+02  0.60000000E+08     1
    54    35    44       10        2     0.64635424E+02  0.59580391E+02  0.50000000E+00  0.50550332E+01  0.10110066E+02  0.60000000E+08     1
    54    35    45       10        2     0.59914086E+02  0.55068754E+02  0.50000000E+00  0.48453324E+01  0.96906648E+01  0.60000000E+08     1
    54    35    46       10        2     0.55384869E+02  0.51962377E+02  0.50000000E+00  0.34224917E+01  0.68449833E+01  0.60000000E+08     1
    54    35    47        9        2     0.52262068E+02  0.50067965E+02  0.50000000E+00  0.21941030E+01  0.43882059E+01  0.60000000E+08     1
    54    35    48        9        2     0.50353168E+02  0.47497134E+02  0.50000000E+00  0.28560343E+01  0.57120685E+01  0.60000000E+08     1
    54    35    49        8        2     0.47759214E+02  0.44277886E+02  0.50000000E+00  0.34813282E+01  0.69626564E+01  0.60000000E+08     1
    54    35    50        8        2     0.44510229E+02  0.40344676E+02  0.50000000E+00  0.41655537E+01  0.83311074E+01  0.60000000E+08     1
    54    35    51        7        2     0.40542297E+02  0.35710074E+02  0.50000000E+00  0.48322226E+01  0.96644452E+01  0.60000000E+08     1
    54    35    52        7        2     0.35867167E+02  0.31108668E+02  0.50000000E+00  0.47584995E+01  0.95169990E+01  0.60000000E+08     1
    54    35    53        7        2     0.31224824E+02  0.26543506E+02  0.50000000E+00  0.46813181E+01  0.93626362E+01  0.60000000E+08     1
    54    35    54        7        2     0.26620853E+02  0.22014892E+02  0.50000000E+00  0.46059608E+01  0.92119216E+01  0.60000000E+08     1
    54    35    55        7        2     0.22058000E+02  0.17520305E+02  0.50000000E+00  0.45376953E+01  0.90753907E+01  0.60000000E+08     1
    50    45    27       11        2     0.13610899E+03  0.13259854E+03  0.50000000E+00  0.35104462E+01  0.70208925E+01  0.60000000E+08     1
    50    45    28       11        2     0.13257262E+03  0.12910242E+03  0.50000000E+00  0.34702020E+01  0.69404039E+01  0.60000000E+08     1
    50    45    29       11        2     0.12906488E+03  0.12563626E+03  0.50000000E+00  0.34286203E+01  0.68572406E+01  0.60000000E+08     1
    50    45    30       11        2     0.12558616E+03  0.12220110E+03  0.50000000E+00  0.33850571E+01  0.67701143E+01  0.60000000E+08     1
    50    45    31       11        2     0.12213684E+03  0.11879860E+03  0.50000000E+00  0.33382329E+01  0.66764657E+01  0.60000000E+08     1
    50    45    32       11        2     0.11871723E+03  0.11543170E+03  0.50000000E+00  0.32855268E+01  0.65710536E+01  0.60000000E+08     1
    50    45    33       11        2     0.11532738E+03  0.11210601E+03  0.50000000E+00  0.32213717E+01  0.64427433E+01  0.60000000E+08     1
    50    45    34       11        2     0.11196686E+03  0.10883341E+03  0.50000000E+00  0.31334469E+01  0.62668939E+01  0.60000000E+08     1
    50    45    35       11        2     0.10863439E+03  0.10564108E+03  0.50000000E+00  0.29933105E+01  0.59866211E+01  0.60000000E+08     1
    50    45    36       11        2     0.10532815E+03  0.10177092E+03  0.50000000E+00  0.35572275E+01  0.71144549E+01  0.60000000E+08     1
    50    45    37       11        2     0.10204896E+03  0.97079256E+02  0.50000000E+00  0.49697086E+01  0.99394172E+01  0.60000000E+08     1
    50    45    38       10        2     0.97934498E+02  0.92265274E+02  0.50000000E+00  0.56692234E+01  0.11338447E+02  0.60000000E+08     1
    50    45    39       10        2     0.92992766E+02  0.87417734E+02  0.50000000E+00  0.55750314E+01  0.11150063E+02  0.60000000E+08     1
    50    45    40       10        2     0.88089168E+02  0.82571674E+02  0.50000000E+00  0.55174944E+01  0.11034989E+02  0.60000000E+08     1
    50    45    41       10        2     0.83214615E+02  0.77742553E+02  0.50000000E+00  0.54720622E+01  0.10944124E+02  0.60000000E+08     1
    50    45    42       10        2     0.78366046E+02  0.72938417E+02  0.50000000E+00  0.54276290E+01  0.10855258E+02  0.60000000E+08     1
    50    45    43       10        2     0.73543126E+02  0.68163863E+02  0.50000000E+00  0.53792633E+01  0.10758527E+02  0.60000000E+08     1
    50    45    44       10        2     0.68745867E+02  0.63420688E+02  0.50000000E+00  0.53251787E+01  0.10650357E+02  0.60000000E+08     1
    50    45    45       10        2     0.63972575E+02  0.58707157E+02  0.50000000E+00  0.52654172E+01  0.10530834E+02  0.60000000E+08     1
    50    45    46       10        2     0.59217991E+02  0.55386813E+02  0.50000000E+00  0.38311780E+01  0.76623560E+01  0.60000000E+08     1
    50    45    47        9        2     0.55857757E+02  0.53448281E+02  0.50000000E+00  0.24094760E+01  0.48189519E+01  0.60000000E+08     1
    50    45    48        9        2     0.53879616E+02  0.50878415E+02  0.50000000E+00  0.30012014E+01  0.60024027E+01  0.60000000E+08     1
    50    45    49        8        2     0.51247419E+02  0.47683527E+02  0.50000000E+00  0.35638926E+01  0.71277851E+01  0.60000000E+08     1
    50    45    50        8        2     0.47976005E+02  0.43794502E+02  0.50000000E+00  0.41815029E+01  0.83630058E+01  0.60000000E+08     1
    50    45    51        7        2     0.44005927E+02  0.39215953E+02  0.50000000E+00  0.47899742E+01  0.95799484E+01  0.60000000E+08     1
    50    45    52        7        2     0.39349446E+02  0.34663423E+02  0.50000000E+00  0.46860234E+01  0.93720468E+01  0.60000000E+08     1
    50    45    53        7        2     0.34735531E+02  0.30133358E+02  0.50000000E+00  0.46021730E+01  0.92043460E+01  0.60000000E+08     1
    50    45    54        7        2     0.30158322E+02  0.25616682E+02  0.50000000E+00  0.45416399E+01  0.90832799E+01  0.60000000E+08     1
    50    45    55        7        2     0.25611205E+02  0.21304517E+02  0.50000000E+00  0.43066884E+01  0.86133768E+01  0.60000000E+08     1
