% Shemat-Suite version: SHEMAT-Suite 9.0 (Freely)                                                       
% data fit at iteration                final
%    i     j     k     unit     type               calc             obs             err            diff             res            time  ozone
    32    15    21       12        2     0.15501671E+03  0.15145234E+03  0.50000000E+00  0.35643702E+01  0.71287405E+01  0.60000000E+08     1
    32    15    22       12        2     0.15129119E+03  0.14773580E+03  0.50000000E+00  0.35553937E+01  0.71107875E+01  0.60000000E+08     1
    32    15    23       12        2     0.14758501E+03  0.14403725E+03  0.50000000E+00  0.35477573E+01  0.70955147E+01  0.60000000E+08     1
    32    15    24       12        2     0.14389779E+03  0.14035619E+03  0.50000000E+00  0.35416021E+01  0.70832042E+01  0.60000000E+08     1
    32    15    25       12        2     0.14022910E+03  0.13669201E+03  0.50000000E+00  0.35370890E+01  0.70741781E+01  0.60000000E+08     1
    32    15    26       12        2     0.13657847E+03  0.13304408E+03  0.50000000E+00  0.35343852E+01  0.70687705E+01  0.60000000E+08     1
    32    15    27       12        2     0.13294533E+03  0.12941170E+03  0.50000000E+00  0.35336381E+01  0.70672762E+01  0.60000000E+08     1
    32    15    28       12        2     0.12932910E+03  0.12579415E+03  0.50000000E+00  0.35349533E+01  0.70699067E+01  0.60000000E+08     1
    32    15    29       12        2     0.12572916E+03  0.12219071E+03  0.50000000E+00  0.35384503E+01  0.70769007E+01  0.60000000E+08     1
    32    15    30       12        2     0.12214487E+03  0.11860055E+03  0.50000000E+00  0.35443180E+01  0.70886359E+01  0.60000000E+08     1
    32    15    31       12        2     0.11857550E+03  0.11502268E+03  0.50000000E+00  0.35528145E+01  0.71056290E+01  0.60000000E+08     1
    32    15    32       12        2     0.11502010E+03  0.11145585E+03  0.50000000E+00  0.35642473E+01  0.71284946E+01  0.60000000E+08     1
    32    15    33       12        2     0.11147748E+03  0.10789855E+03  0.50000000E+00  0.35789255E+01  0.71578511E+01  0.60000000E+08     1
    32    15    34       12        2     0.10794615E+03  0.10434913E+03  0.50000000E+00  0.35970184E+01  0.71940368E+01  0.60000000E+08     1
    32    15    35       12        2     0.10442445E+03  0.10080633E+03  0.50000000E+00  0.36181227E+01  0.72362453E+01  0.60000000E+08     1
    32    15    36       12        2     0.10091103E+03  0.97269028E+02  0.50000000E+00  0.36420028E+01  0.72840057E+01  0.60000000E+08     1
    32    15    37       12        2     0.97404697E+02  0.93735758E+02  0.50000000E+00  0.36689391E+01  0.73378783E+01  0.60000000E+08     1
    32    15    38       12        2     0.93903823E+02  0.90204327E+02  0.50000000E+00  0.36994965E+01  0.73989931E+01  0.60000000E+08     1
    32    15    39       12        2     0.90406034E+02  0.86671385E+02  0.50000000E+00  0.37346485E+01  0.74692970E+01  0.60000000E+08     1
    32    15    40       12        2     0.86907695E+02  0.83131509E+02  0.50000000E+00  0.37761864E+01  0.75523727E+01  0.60000000E+08     1
    32    15    41       12        2     0.83402869E+02  0.79575263E+02  0.50000000E+00  0.38276055E+01  0.76552110E+01  0.60000000E+08     1
    32    15    42       12        2     0.79881115E+02  0.75984904E+02  0.50000000E+00  0.38962108E+01  0.77924217E+01  0.60000000E+08     1
    32    15    43       12        2     0.76323006E+02  0.72324252E+02  0.50000000E+00  0.39987545E+01  0.79975090E+01  0.60000000E+08     1
    32    15    44       12        2     0.72691236E+02  0.68531442E+02  0.50000000E+00  0.41597937E+01  0.83195875E+01  0.60000000E+08     1
    32    15    45       12        2     0.68923963E+02  0.64669560E+02  0.50000000E+00  0.42544025E+01  0.85088049E+01  0.60000000E+08     1
    32    15    46       12        2     0.65083794E+02  0.60810325E+02  0.50000000E+00  0.42734689E+01  0.85469378E+01  0.60000000E+08     1
    32    15    47       12        2     0.61241807E+02  0.56994213E+02  0.50000000E+00  0.42475942E+01  0.84951884E+01  0.60000000E+08     1
    32    15    48       12        2     0.57437604E+02  0.53259247E+02  0.50000000E+00  0.41783569E+01  0.83567138E+01  0.60000000E+08     1
    32    15    49       12        2     0.53707065E+02  0.49667649E+02  0.50000000E+00  0.40394159E+01  0.80788317E+01  0.60000000E+08     1
    32    15    50       12        2     0.50106973E+02  0.46839711E+02  0.50000000E+00  0.32672617E+01  0.65345235E+01  0.60000000E+08     1
    32    15    51        9        2     0.47253144E+02  0.43918630E+02  0.50000000E+00  0.33345148E+01  0.66690295E+01  0.60000000E+08     1
    32    15    52        8        2     0.44244316E+02  0.40376437E+02  0.50000000E+00  0.38678784E+01  0.77357568E+01  0.60000000E+08     1
    32    15    53        8        2     0.40597983E+02  0.36129785E+02  0.50000000E+00  0.44681986E+01  0.89363972E+01  0.60000000E+08     1
    32    15    54        7        2     0.36265159E+02  0.31150589E+02  0.50000000E+00  0.51145696E+01  0.10229139E+02  0.60000000E+08     1
    32    15    55        7        2     0.31211418E+02  0.26234622E+02  0.50000000E+00  0.49767959E+01  0.99535918E+01  0.60000000E+08     1
    32    15    56        7        2     0.26253725E+02  0.21462407E+02  0.50000000E+00  0.47913186E+01  0.95826371E+01  0.60000000E+08     1
    32    15    57        7        2     0.21463576E+02  0.17040457E+02  0.50000000E+00  0.44231189E+01  0.88462377E+01  0.60000000E+08     1
    79    23    31       12        2     0.11592657E+03  0.11190129E+03  0.50000000E+00  0.40252745E+01  0.80505490E+01  0.60000000E+08     1
    79    23    32       12        2     0.11232273E+03  0.10831165E+03  0.50000000E+00  0.40110827E+01  0.80221654E+01  0.60000000E+08     1
    79    23    33       12        2     0.10873606E+03  0.10473877E+03  0.50000000E+00  0.39972890E+01  0.79945779E+01  0.60000000E+08     1
    79    23    34       12        2     0.10516620E+03  0.10118208E+03  0.50000000E+00  0.39841152E+01  0.79682303E+01  0.60000000E+08     1
    79    23    35       12        2     0.10161262E+03  0.97640698E+02  0.50000000E+00  0.39719242E+01  0.79438485E+01  0.60000000E+08     1
    79    23    36       12        2     0.98074554E+02  0.94113242E+02  0.50000000E+00  0.39613124E+01  0.79226247E+01  0.60000000E+08     1
    79    23    37       12        2     0.94550767E+02  0.90597498E+02  0.50000000E+00  0.39532682E+01  0.79065365E+01  0.60000000E+08     1
    79    23    38       12        2     0.91039237E+02  0.87089785E+02  0.50000000E+00  0.39494521E+01  0.78989041E+01  0.60000000E+08     1
    79    23    39       12        2     0.87536461E+02  0.83583770E+02  0.50000000E+00  0.39526909E+01  0.79053818E+01  0.60000000E+08     1
    79    23    40       12        2     0.84036103E+02  0.80068237E+02  0.50000000E+00  0.39678657E+01  0.79357313E+01  0.60000000E+08     1
    79    23    41       12        2     0.80526255E+02  0.76522745E+02  0.50000000E+00  0.40035102E+01  0.80070203E+01  0.60000000E+08     1
    79    23    42       12        2     0.76983838E+02  0.72909137E+02  0.50000000E+00  0.40747010E+01  0.81494020E+01  0.60000000E+08     1
    79    23    43       12        2     0.73363002E+02  0.68506751E+02  0.50000000E+00  0.48562515E+01  0.97125030E+01  0.60000000E+08     1
    79    23    44        6        2     0.68917191E+02  0.64742587E+02  0.50000000E+00  0.41746036E+01  0.83492072E+01  0.60000000E+08     1
    79    23    45        9        2     0.65044219E+02  0.61703930E+02  0.50000000E+00  0.33402886E+01  0.66805773E+01  0.60000000E+08     1
    79    23    46        8        2     0.61856561E+02  0.57964762E+02  0.50000000E+00  0.38917984E+01  0.77835969E+01  0.60000000E+08     1
    79    23    47        8        2     0.57973329E+02  0.53428196E+02  0.50000000E+00  0.45451327E+01  0.90902653E+01  0.60000000E+08     1
    79    23    48        7        2     0.53379541E+02  0.48175945E+02  0.50000000E+00  0.52035963E+01  0.10407193E+02  0.60000000E+08     1
    79    23    49        7        2     0.48102624E+02  0.42972006E+02  0.50000000E+00  0.51306174E+01  0.10261235E+02  0.60000000E+08     1
    79    23    50        7        2     0.42891801E+02  0.37780273E+02  0.50000000E+00  0.51115280E+01  0.10223056E+02  0.60000000E+08     1
    79    23    51        7        2     0.37706298E+02  0.32571487E+02  0.50000000E+00  0.51348117E+01  0.10269623E+02  0.60000000E+08     1
    79    23    52        7        2     0.32526442E+02  0.27557691E+02  0.50000000E+00  0.49687511E+01  0.99375023E+01  0.60000000E+08     1
    79    23    53        6        2     0.27540943E+02  0.22740615E+02  0.50000000E+00  0.48003279E+01  0.96006559E+01  0.60000000E+08     1
    79    23    54        6        2     0.22734693E+02  0.17889341E+02  0.50000000E+00  0.48453520E+01  0.96907039E+01  0.60000000E+08     1
    54    35    18       12        2     0.16704727E+03  0.16379233E+03  0.50000000E+00  0.32549372E+01  0.65098744E+01  0.60000000E+08     1
    54    35    19       12        2     0.16326657E+03  0.16005174E+03  0.50000000E+00  0.32148310E+01  0.64296621E+01  0.60000000E+08     1
    54    35    20       12        2     0.15950729E+03  0.15630407E+03  0.50000000E+00  0.32032161E+01  0.64064322E+01  0.60000000E+08     1
    54    35    21       12        2     0.15577474E+03  0.15255215E+03  0.50000000E+00  0.32225913E+01  0.64451827E+01  0.60000000E+08     1
    54    35    22       11        2     0.15203790E+03  0.14882833E+03  0.50000000E+00  0.32095634E+01  0.64191269E+01  0.60000000E+08     1
    54    35    23       11        2     0.14829726E+03  0.14512802E+03  0.50000000E+00  0.31692384E+01  0.63384769E+01  0.60000000E+08     1
    54    35    24       11        2     0.14458415E+03  0.14145250E+03  0.50000000E+00  0.31316494E+01  0.62632989E+01  0.60000000E+08     1
    54    35    25       11        2     0.14089364E+03  0.13780218E+03  0.50000000E+00  0.30914668E+01  0.61829336E+01  0.60000000E+08     1
    54    35    26       11        2     0.13722699E+03  0.13417776E+03  0.50000000E+00  0.30492321E+01  0.60984643E+01  0.60000000E+08     1
    54    35    27       11        2     0.13358468E+03  0.13058006E+03  0.50000000E+00  0.30046223E+01  0.60092446E+01  0.60000000E+08     1
    54    35    28       11        2     0.12996743E+03  0.12701003E+03  0.50000000E+00  0.29573952E+01  0.59147903E+01  0.60000000E+08     1
    54    35    29       11        2     0.12637604E+03  0.12346885E+03  0.50000000E+00  0.29071905E+01  0.58143810E+01  0.60000000E+08     1
    54    35    30       11        2     0.12281146E+03  0.11995803E+03  0.50000000E+00  0.28534259E+01  0.57068517E+01  0.60000000E+08     1
    54    35    31       11        2     0.11927478E+03  0.11647959E+03  0.50000000E+00  0.27951974E+01  0.55903947E+01  0.60000000E+08     1
    54    35    32       11        2     0.11576745E+03  0.11303626E+03  0.50000000E+00  0.27311918E+01  0.54623835E+01  0.60000000E+08     1
    54    35    33       11        2     0.11229141E+03  0.10963170E+03  0.50000000E+00  0.26597107E+01  0.53194213E+01  0.60000000E+08     1
    54    35    34       11        2     0.10884957E+03  0.10627044E+03  0.50000000E+00  0.25791316E+01  0.51582632E+01  0.60000000E+08     1
    54    35    35       11        2     0.10544672E+03  0.10295704E+03  0.50000000E+00  0.24896863E+01  0.49793726E+01  0.60000000E+08     1
    54    35    36       11        2     0.10209157E+03  0.98804323E+02  0.50000000E+00  0.32872492E+01  0.65744984E+01  0.60000000E+08     1
    54    35    37       11        2     0.98801235E+02  0.93801123E+02  0.50000000E+00  0.50001123E+01  0.10000225E+02  0.60000000E+08     1
    54    35    38       10        2     0.94736202E+02  0.88818554E+02  0.50000000E+00  0.59176475E+01  0.11835295E+02  0.60000000E+08     1
    54    35    39       10        2     0.89826219E+02  0.83852054E+02  0.50000000E+00  0.59741647E+01  0.11948329E+02  0.60000000E+08     1
    54    35    40       10        2     0.84849214E+02  0.78904814E+02  0.50000000E+00  0.59444010E+01  0.11888802E+02  0.60000000E+08     1
    54    35    41       10        2     0.79857300E+02  0.73984686E+02  0.50000000E+00  0.58726137E+01  0.11745227E+02  0.60000000E+08     1
    54    35    42       10        2     0.74878319E+02  0.69104925E+02  0.50000000E+00  0.57733942E+01  0.11546788E+02  0.60000000E+08     1
    54    35    43       10        2     0.69933456E+02  0.64288775E+02  0.50000000E+00  0.56446803E+01  0.11289361E+02  0.60000000E+08     1
    54    35    44       10        2     0.65049136E+02  0.59580391E+02  0.50000000E+00  0.54687448E+01  0.10937490E+02  0.60000000E+08     1
    54    35    45       10        2     0.60271142E+02  0.55068754E+02  0.50000000E+00  0.52023884E+01  0.10404777E+02  0.60000000E+08     1
    54    35    46       10        2     0.55690176E+02  0.51962377E+02  0.50000000E+00  0.37277988E+01  0.74555977E+01  0.60000000E+08     1
    54    35    47        9        2     0.52533917E+02  0.50067965E+02  0.50000000E+00  0.24659518E+01  0.49319036E+01  0.60000000E+08     1
    54    35    48        9        2     0.50606248E+02  0.47497134E+02  0.50000000E+00  0.31091145E+01  0.62182291E+01  0.60000000E+08     1
    54    35    49        8        2     0.47989601E+02  0.44277886E+02  0.50000000E+00  0.37117152E+01  0.74234305E+01  0.60000000E+08     1
    54    35    50        8        2     0.44714140E+02  0.40344676E+02  0.50000000E+00  0.43694645E+01  0.87389291E+01  0.60000000E+08     1
    54    35    51        7        2     0.40716095E+02  0.35710074E+02  0.50000000E+00  0.50060206E+01  0.10012041E+02  0.60000000E+08     1
    54    35    52        7        2     0.36007102E+02  0.31108668E+02  0.50000000E+00  0.48984347E+01  0.97968694E+01  0.60000000E+08     1
    54    35    53        7        2     0.31332300E+02  0.26543506E+02  0.50000000E+00  0.47887935E+01  0.95775870E+01  0.60000000E+08     1
    54    35    54        7        2     0.26697064E+02  0.22014892E+02  0.50000000E+00  0.46821714E+01  0.93643429E+01  0.60000000E+08     1
    54    35    55        7        2     0.22103925E+02  0.17520305E+02  0.50000000E+00  0.45836203E+01  0.91672405E+01  0.60000000E+08     1
    50    45    27       11        2     0.13546146E+03  0.13259854E+03  0.50000000E+00  0.28629171E+01  0.57258342E+01  0.60000000E+08     1
    50    45    28       11        2     0.13191630E+03  0.12910242E+03  0.50000000E+00  0.28138796E+01  0.56277592E+01  0.60000000E+08     1
    50    45    29       11        2     0.12839897E+03  0.12563626E+03  0.50000000E+00  0.27627075E+01  0.55254149E+01  0.60000000E+08     1
    50    45    30       11        2     0.12490981E+03  0.12220110E+03  0.50000000E+00  0.27087072E+01  0.54174143E+01  0.60000000E+08     1
    50    45    31       11        2     0.12144918E+03  0.11879860E+03  0.50000000E+00  0.26505747E+01  0.53011495E+01  0.60000000E+08     1
    50    45    32       11        2     0.11801740E+03  0.11543170E+03  0.50000000E+00  0.25857024E+01  0.51714047E+01  0.60000000E+08     1
    50    45    33       11        2     0.11461455E+03  0.11210601E+03  0.50000000E+00  0.25085390E+01  0.50170779E+01  0.60000000E+08     1
    50    45    34       11        2     0.11123994E+03  0.10883341E+03  0.50000000E+00  0.24065322E+01  0.48130644E+01  0.60000000E+08     1
    50    45    35       11        2     0.10789077E+03  0.10564108E+03  0.50000000E+00  0.22496865E+01  0.44993731E+01  0.60000000E+08     1
    50    45    36       11        2     0.10455839E+03  0.10177092E+03  0.50000000E+00  0.27874708E+01  0.55749416E+01  0.60000000E+08     1
    50    45    37       11        2     0.10121826E+03  0.97079256E+02  0.50000000E+00  0.41390029E+01  0.82780058E+01  0.60000000E+08     1
    50    45    38       11        2     0.97801669E+02  0.92265274E+02  0.50000000E+00  0.55363948E+01  0.11072790E+02  0.60000000E+08     1
    50    45    39       10        2     0.93518697E+02  0.87417734E+02  0.50000000E+00  0.61009632E+01  0.12201926E+02  0.60000000E+08     1
    50    45    40       10        2     0.88491785E+02  0.82571674E+02  0.50000000E+00  0.59201106E+01  0.11840221E+02  0.60000000E+08     1
    50    45    41       10        2     0.83550136E+02  0.77742553E+02  0.50000000E+00  0.58075830E+01  0.11615166E+02  0.60000000E+08     1
    50    45    42       10        2     0.78657640E+02  0.72938417E+02  0.50000000E+00  0.57192223E+01  0.11438445E+02  0.60000000E+08     1
    50    45    43       10        2     0.73801118E+02  0.68163863E+02  0.50000000E+00  0.56372553E+01  0.11274511E+02  0.60000000E+08     1
    50    45    44       10        2     0.68975328E+02  0.63420688E+02  0.50000000E+00  0.55546399E+01  0.11109280E+02  0.60000000E+08     1
    50    45    45       10        2     0.64176276E+02  0.58707157E+02  0.50000000E+00  0.54691185E+01  0.10938237E+02  0.60000000E+08     1
    50    45    46       10        2     0.59397591E+02  0.55386813E+02  0.50000000E+00  0.40107780E+01  0.80215559E+01  0.60000000E+08     1
    50    45    47        9        2     0.56020795E+02  0.53448281E+02  0.50000000E+00  0.25725139E+01  0.51450277E+01  0.60000000E+08     1
    50    45    48        9        2     0.54033244E+02  0.50878415E+02  0.50000000E+00  0.31548292E+01  0.63096583E+01  0.60000000E+08     1
    50    45    49        8        2     0.51389346E+02  0.47683527E+02  0.50000000E+00  0.37058191E+01  0.74116381E+01  0.60000000E+08     1
    50    45    50        8        2     0.48103950E+02  0.43794502E+02  0.50000000E+00  0.43094478E+01  0.86188957E+01  0.60000000E+08     1
    50    45    51        7        2     0.44117556E+02  0.39215953E+02  0.50000000E+00  0.49016029E+01  0.98032057E+01  0.60000000E+08     1
    50    45    52        7        2     0.39442436E+02  0.34663423E+02  0.50000000E+00  0.47790132E+01  0.95580264E+01  0.60000000E+08     1
    50    45    53        7        2     0.34810379E+02  0.30133358E+02  0.50000000E+00  0.46770208E+01  0.93540415E+01  0.60000000E+08     1
    50    45    54        7        2     0.30215456E+02  0.25616682E+02  0.50000000E+00  0.45987746E+01  0.91975491E+01  0.60000000E+08     1
    50    45    55        7        2     0.25650986E+02  0.21304517E+02  0.50000000E+00  0.43464692E+01  0.86929384E+01  0.60000000E+08     1
