% Shemat-Suite version: SHEMAT-Suite 9.0 (Freely)                                                       
% data fit at iteration                final
%    i     j     k     unit     type               calc             obs             err            diff             res            time  ozone
    32    15    21       12        2     0.15612546E+03  0.15145234E+03  0.50000000E+00  0.46731201E+01  0.93462402E+01  0.60000000E+08     1
    32    15    22       12        2     0.15238471E+03  0.14773580E+03  0.50000000E+00  0.46489097E+01  0.92978193E+01  0.60000000E+08     1
    32    15    23       12        2     0.14866208E+03  0.14403725E+03  0.50000000E+00  0.46248226E+01  0.92496452E+01  0.60000000E+08     1
    32    15    24       12        2     0.14495704E+03  0.14035619E+03  0.50000000E+00  0.46008496E+01  0.92016991E+01  0.60000000E+08     1
    32    15    25       12        2     0.14126900E+03  0.13669201E+03  0.50000000E+00  0.45769896E+01  0.91539793E+01  0.60000000E+08     1
    32    15    26       12        2     0.13759732E+03  0.13304408E+03  0.50000000E+00  0.45532378E+01  0.91064756E+01  0.60000000E+08     1
    32    15    27       12        2     0.13394126E+03  0.12941170E+03  0.50000000E+00  0.45295614E+01  0.90591227E+01  0.60000000E+08     1
    32    15    28       12        2     0.13030003E+03  0.12579415E+03  0.50000000E+00  0.45058812E+01  0.90117623E+01  0.60000000E+08     1
    32    15    29       12        2     0.12667284E+03  0.12219071E+03  0.50000000E+00  0.44821311E+01  0.89642621E+01  0.60000000E+08     1
    32    15    30       12        2     0.12305887E+03  0.11860055E+03  0.50000000E+00  0.44583155E+01  0.89166310E+01  0.60000000E+08     1
    32    15    31       12        2     0.11945720E+03  0.11502268E+03  0.50000000E+00  0.44345144E+01  0.88690288E+01  0.60000000E+08     1
    32    15    32       12        2     0.11586672E+03  0.11145585E+03  0.50000000E+00  0.44108683E+01  0.88217366E+01  0.60000000E+08     1
    32    15    33       12        2     0.11228609E+03  0.10789855E+03  0.50000000E+00  0.43875392E+01  0.87750784E+01  0.60000000E+08     1
    32    15    34       12        2     0.10871371E+03  0.10434913E+03  0.50000000E+00  0.43645781E+01  0.87291562E+01  0.60000000E+08     1
    32    15    35       12        2     0.10514783E+03  0.10080633E+03  0.50000000E+00  0.43415073E+01  0.86830147E+01  0.60000000E+08     1
    32    15    36       12        2     0.10158712E+03  0.97269028E+02  0.50000000E+00  0.43180890E+01  0.86361780E+01  0.60000000E+08     1
    32    15    37       12        2     0.98030426E+02  0.93735758E+02  0.50000000E+00  0.42946680E+01  0.85893360E+01  0.60000000E+08     1
    32    15    38       12        2     0.94476307E+02  0.90204327E+02  0.50000000E+00  0.42719807E+01  0.85439614E+01  0.60000000E+08     1
    32    15    39       12        2     0.90922736E+02  0.86671385E+02  0.50000000E+00  0.42513504E+01  0.85027009E+01  0.60000000E+08     1
    32    15    40       12        2     0.87366735E+02  0.83131509E+02  0.50000000E+00  0.42352261E+01  0.84704523E+01  0.60000000E+08     1
    32    15    41       12        2     0.83803538E+02  0.79575263E+02  0.50000000E+00  0.42282753E+01  0.84565505E+01  0.60000000E+08     1
    32    15    42       12        2     0.80224653E+02  0.75984904E+02  0.50000000E+00  0.42397490E+01  0.84794980E+01  0.60000000E+08     1
    32    15    43       12        2     0.76613539E+02  0.72324252E+02  0.50000000E+00  0.42892875E+01  0.85785751E+01  0.60000000E+08     1
    32    15    44       12        2     0.72935151E+02  0.68531442E+02  0.50000000E+00  0.44037093E+01  0.88074187E+01  0.60000000E+08     1
    32    15    45       12        2     0.69127869E+02  0.64669560E+02  0.50000000E+00  0.44583084E+01  0.89166169E+01  0.60000000E+08     1
    32    15    46       12        2     0.65252311E+02  0.60810325E+02  0.50000000E+00  0.44419859E+01  0.88839718E+01  0.60000000E+08     1
    32    15    47       12        2     0.61379810E+02  0.56994213E+02  0.50000000E+00  0.43855971E+01  0.87711942E+01  0.60000000E+08     1
    32    15    48       12        2     0.57549311E+02  0.53259247E+02  0.50000000E+00  0.42900636E+01  0.85801273E+01  0.60000000E+08     1
    32    15    49       12        2     0.53795738E+02  0.49667649E+02  0.50000000E+00  0.41280884E+01  0.82561768E+01  0.60000000E+08     1
    32    15    50       12        2     0.50174917E+02  0.46839711E+02  0.50000000E+00  0.33352055E+01  0.66704111E+01  0.60000000E+08     1
    32    15    51        9        2     0.47308366E+02  0.43918630E+02  0.50000000E+00  0.33897365E+01  0.67794729E+01  0.60000000E+08     1
    32    15    52        8        2     0.44290654E+02  0.40376437E+02  0.50000000E+00  0.39142164E+01  0.78284328E+01  0.60000000E+08     1
    32    15    53        8        2     0.40636339E+02  0.36129785E+02  0.50000000E+00  0.45065548E+01  0.90131097E+01  0.60000000E+08     1
    32    15    54        7        2     0.36295844E+02  0.31150589E+02  0.50000000E+00  0.51452550E+01  0.10290510E+02  0.60000000E+08     1
    32    15    55        7        2     0.31234278E+02  0.26234622E+02  0.50000000E+00  0.49996555E+01  0.99993109E+01  0.60000000E+08     1
    32    15    56        7        2     0.26269571E+02  0.21462407E+02  0.50000000E+00  0.48071638E+01  0.96143276E+01  0.60000000E+08     1
    32    15    57        7        2     0.21472882E+02  0.17040457E+02  0.50000000E+00  0.44324253E+01  0.88648505E+01  0.60000000E+08     1
    79    23    31       12        2     0.11624842E+03  0.11190129E+03  0.50000000E+00  0.43471303E+01  0.86942605E+01  0.60000000E+08     1
    79    23    32       12        2     0.11263362E+03  0.10831165E+03  0.50000000E+00  0.43219702E+01  0.86439403E+01  0.60000000E+08     1
    79    23    33       12        2     0.10903586E+03  0.10473877E+03  0.50000000E+00  0.42970881E+01  0.85941762E+01  0.60000000E+08     1
    79    23    34       12        2     0.10545480E+03  0.10118208E+03  0.50000000E+00  0.42727223E+01  0.85454446E+01  0.60000000E+08     1
    79    23    35       12        2     0.10188995E+03  0.97640698E+02  0.50000000E+00  0.42492526E+01  0.84985052E+01  0.60000000E+08     1
    79    23    36       12        2     0.98340534E+02  0.94113242E+02  0.50000000E+00  0.42272921E+01  0.84545842E+01  0.60000000E+08     1
    79    23    37       12        2     0.94805344E+02  0.90597498E+02  0.50000000E+00  0.42078460E+01  0.84156919E+01  0.60000000E+08     1
    79    23    38       12        2     0.91282374E+02  0.87089785E+02  0.50000000E+00  0.41925891E+01  0.83851782E+01  0.60000000E+08     1
    79    23    39       12        2     0.87768130E+02  0.83583770E+02  0.50000000E+00  0.41843597E+01  0.83687195E+01  0.60000000E+08     1
    79    23    40       12        2     0.84256280E+02  0.80068237E+02  0.50000000E+00  0.41880430E+01  0.83760860E+01  0.60000000E+08     1
    79    23    41       12        2     0.80734908E+02  0.76522745E+02  0.50000000E+00  0.42121634E+01  0.84243268E+01  0.60000000E+08     1
    79    23    42       12        2     0.77180899E+02  0.72909137E+02  0.50000000E+00  0.42717617E+01  0.85435234E+01  0.60000000E+08     1
    79    23    43       12        2     0.73548313E+02  0.68506751E+02  0.50000000E+00  0.50415621E+01  0.10083124E+02  0.60000000E+08     1
    79    23    44        6        2     0.69088144E+02  0.64742587E+02  0.50000000E+00  0.43455573E+01  0.86911145E+01  0.60000000E+08     1
    79    23    45        9        2     0.65202750E+02  0.61703930E+02  0.50000000E+00  0.34988195E+01  0.69976391E+01  0.60000000E+08     1
    79    23    46        8        2     0.62004509E+02  0.57964762E+02  0.50000000E+00  0.40397466E+01  0.80794931E+01  0.60000000E+08     1
    79    23    47        8        2     0.58108646E+02  0.53428196E+02  0.50000000E+00  0.46804499E+01  0.93608998E+01  0.60000000E+08     1
    79    23    48        7        2     0.53499994E+02  0.48175945E+02  0.50000000E+00  0.53240487E+01  0.10648097E+02  0.60000000E+08     1
    79    23    49        7        2     0.48206219E+02  0.42972006E+02  0.50000000E+00  0.52342128E+01  0.10468426E+02  0.60000000E+08     1
    79    23    50        7        2     0.42978823E+02  0.37780273E+02  0.50000000E+00  0.51985494E+01  0.10397099E+02  0.60000000E+08     1
    79    23    51        7        2     0.37776907E+02  0.32571487E+02  0.50000000E+00  0.52054204E+01  0.10410841E+02  0.60000000E+08     1
    79    23    52        7        2     0.32580742E+02  0.27557691E+02  0.50000000E+00  0.50230518E+01  0.10046104E+02  0.60000000E+08     1
    79    23    53        6        2     0.27579652E+02  0.22740615E+02  0.50000000E+00  0.48390372E+01  0.96780744E+01  0.60000000E+08     1
    79    23    54        6        2     0.22758485E+02  0.17889341E+02  0.50000000E+00  0.48691439E+01  0.97382878E+01  0.60000000E+08     1
    54    35    18       12        2     0.16854035E+03  0.16379233E+03  0.50000000E+00  0.47480107E+01  0.94960215E+01  0.60000000E+08     1
    54    35    19       12        2     0.16476304E+03  0.16005174E+03  0.50000000E+00  0.47113032E+01  0.94226064E+01  0.60000000E+08     1
    54    35    20       12        2     0.16101356E+03  0.15630407E+03  0.50000000E+00  0.47094849E+01  0.94189698E+01  0.60000000E+08     1
    54    35    21       11        2     0.15726087E+03  0.15255215E+03  0.50000000E+00  0.47087242E+01  0.94174484E+01  0.60000000E+08     1
    54    35    22       11        2     0.15350557E+03  0.14882833E+03  0.50000000E+00  0.46772353E+01  0.93544705E+01  0.60000000E+08     1
    54    35    23       11        2     0.14977916E+03  0.14512802E+03  0.50000000E+00  0.46511392E+01  0.93022784E+01  0.60000000E+08     1
    54    35    24       11        2     0.14607675E+03  0.14145250E+03  0.50000000E+00  0.46242519E+01  0.92485038E+01  0.60000000E+08     1
    54    35    25       11        2     0.14239967E+03  0.13780218E+03  0.50000000E+00  0.45974928E+01  0.91949856E+01  0.60000000E+08     1
    54    35    26       11        2     0.13874852E+03  0.13417776E+03  0.50000000E+00  0.45707643E+01  0.91415285E+01  0.60000000E+08     1
    54    35    27       11        2     0.13512410E+03  0.13058006E+03  0.50000000E+00  0.45440402E+01  0.90880805E+01  0.60000000E+08     1
    54    35    28       11        2     0.13152723E+03  0.12701003E+03  0.50000000E+00  0.45172008E+01  0.90344017E+01  0.60000000E+08     1
    54    35    29       11        2     0.12795876E+03  0.12346885E+03  0.50000000E+00  0.44899037E+01  0.89798074E+01  0.60000000E+08     1
    54    35    30       11        2     0.12441943E+03  0.11995803E+03  0.50000000E+00  0.44613951E+01  0.89227902E+01  0.60000000E+08     1
    54    35    31       11        2     0.12090976E+03  0.11647959E+03  0.50000000E+00  0.44301701E+01  0.88603402E+01  0.60000000E+08     1
    54    35    32       11        2     0.11742959E+03  0.11303626E+03  0.50000000E+00  0.43933344E+01  0.87866688E+01  0.60000000E+08     1
    54    35    33       11        2     0.11397709E+03  0.10963170E+03  0.50000000E+00  0.43453959E+01  0.86907918E+01  0.60000000E+08     1
    54    35    34       11        2     0.11054640E+03  0.10627044E+03  0.50000000E+00  0.42759655E+01  0.85519310E+01  0.60000000E+08     1
    54    35    35       11        2     0.10712240E+03  0.10295704E+03  0.50000000E+00  0.41653630E+01  0.83307259E+01  0.60000000E+08     1
    54    35    36       11        2     0.10366902E+03  0.98804323E+02  0.50000000E+00  0.48647017E+01  0.97294033E+01  0.60000000E+08     1
    54    35    37       10        2     0.99372759E+02  0.93801123E+02  0.50000000E+00  0.55716358E+01  0.11143272E+02  0.60000000E+08     1
    54    35    38       10        2     0.94284146E+02  0.88818554E+02  0.50000000E+00  0.54655917E+01  0.10931183E+02  0.60000000E+08     1
    54    35    39       10        2     0.89256746E+02  0.83852054E+02  0.50000000E+00  0.54046916E+01  0.10809383E+02  0.60000000E+08     1
    54    35    40       10        2     0.84264721E+02  0.78904814E+02  0.50000000E+00  0.53599072E+01  0.10719814E+02  0.60000000E+08     1
    54    35    41       10        2     0.79300684E+02  0.73984686E+02  0.50000000E+00  0.53159979E+01  0.10631996E+02  0.60000000E+08     1
    54    35    42       10        2     0.74366796E+02  0.69104925E+02  0.50000000E+00  0.52618710E+01  0.10523742E+02  0.60000000E+08     1
    54    35    43       10        2     0.69473106E+02  0.64288775E+02  0.50000000E+00  0.51843310E+01  0.10368662E+02  0.60000000E+08     1
    54    35    44       10        2     0.64641083E+02  0.59580391E+02  0.50000000E+00  0.50606920E+01  0.10121384E+02  0.60000000E+08     1
    54    35    45       10        2     0.59914045E+02  0.55068754E+02  0.50000000E+00  0.48452912E+01  0.96905825E+01  0.60000000E+08     1
    54    35    46       10        2     0.55380941E+02  0.51962377E+02  0.50000000E+00  0.34185637E+01  0.68371275E+01  0.60000000E+08     1
    54    35    47        9        2     0.52255943E+02  0.50067965E+02  0.50000000E+00  0.21879780E+01  0.43759560E+01  0.60000000E+08     1
    54    35    48        9        2     0.50346324E+02  0.47497134E+02  0.50000000E+00  0.28491901E+01  0.56983801E+01  0.60000000E+08     1
    54    35    49        8        2     0.47752058E+02  0.44277886E+02  0.50000000E+00  0.34741721E+01  0.69483442E+01  0.60000000E+08     1
    54    35    50        8        2     0.44503105E+02  0.40344676E+02  0.50000000E+00  0.41584291E+01  0.83168582E+01  0.60000000E+08     1
    54    35    51        7        2     0.40535642E+02  0.35710074E+02  0.50000000E+00  0.48255683E+01  0.96511367E+01  0.60000000E+08     1
    54    35    52        7        2     0.35861353E+02  0.31108668E+02  0.50000000E+00  0.47526859E+01  0.95053718E+01  0.60000000E+08     1
    54    35    53        7        2     0.31220075E+02  0.26543506E+02  0.50000000E+00  0.46765687E+01  0.93531374E+01  0.60000000E+08     1
    54    35    54        7        2     0.26617330E+02  0.22014892E+02  0.50000000E+00  0.46024379E+01  0.92048757E+01  0.60000000E+08     1
    54    35    55        7        2     0.22055810E+02  0.17520305E+02  0.50000000E+00  0.45355051E+01  0.90710102E+01  0.60000000E+08     1
    50    45    27       11        2     0.13703577E+03  0.13259854E+03  0.50000000E+00  0.44372280E+01  0.88744559E+01  0.60000000E+08     1
    50    45    28       11        2     0.13350609E+03  0.12910242E+03  0.50000000E+00  0.44036672E+01  0.88073343E+01  0.60000000E+08     1
    50    45    29       11        2     0.13000549E+03  0.12563626E+03  0.50000000E+00  0.43692315E+01  0.87384630E+01  0.60000000E+08     1
    50    45    30       11        2     0.12653461E+03  0.12220110E+03  0.50000000E+00  0.43335124E+01  0.86670248E+01  0.60000000E+08     1
    50    45    31       11        2     0.12309439E+03  0.11879860E+03  0.50000000E+00  0.42957887E+01  0.85915774E+01  0.60000000E+08     1
    50    45    32       11        2     0.11968634E+03  0.11543170E+03  0.50000000E+00  0.42546363E+01  0.85092725E+01  0.60000000E+08     1
    50    45    33       11        2     0.11631294E+03  0.11210601E+03  0.50000000E+00  0.42069294E+01  0.84138587E+01  0.60000000E+08     1
    50    45    34       11        2     0.11297860E+03  0.10883341E+03  0.50000000E+00  0.41451932E+01  0.82903864E+01  0.60000000E+08     1
    50    45    35       11        2     0.10969150E+03  0.10564108E+03  0.50000000E+00  0.40504226E+01  0.81008452E+01  0.60000000E+08     1
    50    45    36       11        2     0.10646787E+03  0.10177092E+03  0.50000000E+00  0.46969499E+01  0.93938999E+01  0.60000000E+08     1
    50    45    37       10        2     0.10249744E+03  0.97079256E+02  0.50000000E+00  0.54181813E+01  0.10836363E+02  0.60000000E+08     1
    50    45    38       10        2     0.97691652E+02  0.92265274E+02  0.50000000E+00  0.54263780E+01  0.10852756E+02  0.60000000E+08     1
    50    45    39       10        2     0.92828516E+02  0.87417734E+02  0.50000000E+00  0.54107816E+01  0.10821563E+02  0.60000000E+08     1
    50    45    40       10        2     0.87953370E+02  0.82571674E+02  0.50000000E+00  0.53816959E+01  0.10763392E+02  0.60000000E+08     1
    50    45    41       10        2     0.83086738E+02  0.77742553E+02  0.50000000E+00  0.53441851E+01  0.10688370E+02  0.60000000E+08     1
    50    45    42       10        2     0.78238823E+02  0.72938417E+02  0.50000000E+00  0.53004052E+01  0.10600810E+02  0.60000000E+08     1
    50    45    43       10        2     0.73415039E+02  0.68163863E+02  0.50000000E+00  0.52511759E+01  0.10502352E+02  0.60000000E+08     1
    50    45    44       10        2     0.68617726E+02  0.63420688E+02  0.50000000E+00  0.51970381E+01  0.10394076E+02  0.60000000E+08     1
    50    45    45       10        2     0.63845977E+02  0.58707157E+02  0.50000000E+00  0.51388195E+01  0.10277639E+02  0.60000000E+08     1
    50    45    46       10        2     0.59094640E+02  0.55386813E+02  0.50000000E+00  0.37078275E+01  0.74156550E+01  0.60000000E+08     1
    50    45    47        9        2     0.55737935E+02  0.53448281E+02  0.50000000E+00  0.22896542E+01  0.45793084E+01  0.60000000E+08     1
    50    45    48        9        2     0.53763385E+02  0.50878415E+02  0.50000000E+00  0.28849705E+01  0.57699409E+01  0.60000000E+08     1
    50    45    49        8        2     0.51137328E+02  0.47683527E+02  0.50000000E+00  0.34538015E+01  0.69076030E+01  0.60000000E+08     1
    50    45    50        8        2     0.47874415E+02  0.43794502E+02  0.50000000E+00  0.40799129E+01  0.81598257E+01  0.60000000E+08     1
    50    45    51        7        2     0.43915478E+02  0.39215953E+02  0.50000000E+00  0.46995248E+01  0.93990495E+01  0.60000000E+08     1
    50    45    52        7        2     0.39272600E+02  0.34663423E+02  0.50000000E+00  0.46091779E+01  0.92183558E+01  0.60000000E+08     1
    50    45    53        7        2     0.34672670E+02  0.30133358E+02  0.50000000E+00  0.45393116E+01  0.90786233E+01  0.60000000E+08     1
    50    45    54        7        2     0.30109714E+02  0.25616682E+02  0.50000000E+00  0.44930324E+01  0.89860648E+01  0.60000000E+08     1
    50    45    55        7        2     0.25577024E+02  0.21304517E+02  0.50000000E+00  0.42725070E+01  0.85450140E+01  0.60000000E+08     1
