% Shemat-Suite version: SHEMAT-Suite 9.0 (Freely)                                                       
% data fit at iteration                final
%    i     j     k     unit     type               calc             obs             err            diff             res            time  ozone
    32    15    21       12        2     0.15702342E+03  0.15145234E+03  0.50000000E+00  0.55710854E+01  0.11142171E+02  0.60000000E+08     1
    32    15    22       12        2     0.15327080E+03  0.14773580E+03  0.50000000E+00  0.55350002E+01  0.11070000E+02  0.60000000E+08     1
    32    15    23       12        2     0.14953555E+03  0.14403725E+03  0.50000000E+00  0.54982956E+01  0.10996591E+02  0.60000000E+08     1
    32    15    24       12        2     0.14581706E+03  0.14035619E+03  0.50000000E+00  0.54608761E+01  0.10921752E+02  0.60000000E+08     1
    32    15    25       12        2     0.14211466E+03  0.13669201E+03  0.50000000E+00  0.54226460E+01  0.10845292E+02  0.60000000E+08     1
    32    15    26       12        2     0.13842758E+03  0.13304408E+03  0.50000000E+00  0.53834970E+01  0.10766994E+02  0.60000000E+08     1
    32    15    27       12        2     0.13475498E+03  0.12941170E+03  0.50000000E+00  0.53432842E+01  0.10686568E+02  0.60000000E+08     1
    32    15    28       12        2     0.13109596E+03  0.12579415E+03  0.50000000E+00  0.53018087E+01  0.10603617E+02  0.60000000E+08     1
    32    15    29       12        2     0.12744959E+03  0.12219071E+03  0.50000000E+00  0.52588774E+01  0.10517755E+02  0.60000000E+08     1
    32    15    30       12        2     0.12381491E+03  0.11860055E+03  0.50000000E+00  0.52143603E+01  0.10428721E+02  0.60000000E+08     1
    32    15    31       12        2     0.12019088E+03  0.11502268E+03  0.50000000E+00  0.51681968E+01  0.10336394E+02  0.60000000E+08     1
    32    15    32       12        2     0.11657623E+03  0.11145585E+03  0.50000000E+00  0.51203839E+01  0.10240768E+02  0.60000000E+08     1
    32    15    33       12        2     0.11296949E+03  0.10789855E+03  0.50000000E+00  0.50709413E+01  0.10141883E+02  0.60000000E+08     1
    32    15    34       12        2     0.10936892E+03  0.10434913E+03  0.50000000E+00  0.50197851E+01  0.10039570E+02  0.60000000E+08     1
    32    15    35       12        2     0.10577264E+03  0.10080633E+03  0.50000000E+00  0.49663172E+01  0.99326345E+01  0.60000000E+08     1
    32    15    36       12        2     0.10217923E+03  0.97269028E+02  0.50000000E+00  0.49102026E+01  0.98204052E+01  0.60000000E+08     1
    32    15    37       12        2     0.98587432E+02  0.93735758E+02  0.50000000E+00  0.48516741E+01  0.97033483E+01  0.60000000E+08     1
    32    15    38       12        2     0.94995624E+02  0.90204327E+02  0.50000000E+00  0.47912973E+01  0.95825946E+01  0.60000000E+08     1
    32    15    39       12        2     0.91401442E+02  0.86671385E+02  0.50000000E+00  0.47300562E+01  0.94601124E+01  0.60000000E+08     1
    32    15    40       12        2     0.87801141E+02  0.83131509E+02  0.50000000E+00  0.46696320E+01  0.93392641E+01  0.60000000E+08     1
    32    15    41       12        2     0.84188092E+02  0.79575263E+02  0.50000000E+00  0.46128287E+01  0.92256574E+01  0.60000000E+08     1
    32    15    42       12        2     0.80549123E+02  0.75984904E+02  0.50000000E+00  0.45642194E+01  0.91284388E+01  0.60000000E+08     1
    32    15    43       12        2     0.76854645E+02  0.72324252E+02  0.50000000E+00  0.45303934E+01  0.90607868E+01  0.60000000E+08     1
    32    15    44       12        2     0.73037810E+02  0.68531442E+02  0.50000000E+00  0.45063679E+01  0.90127358E+01  0.60000000E+08     1
    32    15    45       12        2     0.69146364E+02  0.64669560E+02  0.50000000E+00  0.44768041E+01  0.89536082E+01  0.60000000E+08     1
    32    15    46       12        2     0.65241913E+02  0.60810325E+02  0.50000000E+00  0.44315884E+01  0.88631768E+01  0.60000000E+08     1
    32    15    47       12        2     0.61360948E+02  0.56994213E+02  0.50000000E+00  0.43667348E+01  0.87334696E+01  0.60000000E+08     1
    32    15    48       12        2     0.57528939E+02  0.53259247E+02  0.50000000E+00  0.42696915E+01  0.85393829E+01  0.60000000E+08     1
    32    15    49       12        2     0.53775231E+02  0.49667649E+02  0.50000000E+00  0.41075820E+01  0.82151640E+01  0.60000000E+08     1
    32    15    50       12        2     0.50152770E+02  0.46839711E+02  0.50000000E+00  0.33130586E+01  0.66261173E+01  0.60000000E+08     1
    32    15    51        9        2     0.47286467E+02  0.43918630E+02  0.50000000E+00  0.33678371E+01  0.67356743E+01  0.60000000E+08     1
    32    15    52        8        2     0.44270723E+02  0.40376437E+02  0.50000000E+00  0.38942852E+01  0.77885704E+01  0.60000000E+08     1
    32    15    53        8        2     0.40619661E+02  0.36129785E+02  0.50000000E+00  0.44898764E+01  0.89797527E+01  0.60000000E+08     1
    32    15    54        7        2     0.36282683E+02  0.31150589E+02  0.50000000E+00  0.51320943E+01  0.10264189E+02  0.60000000E+08     1
    32    15    55        7        2     0.31224922E+02  0.26234622E+02  0.50000000E+00  0.49902999E+01  0.99805997E+01  0.60000000E+08     1
    32    15    56        7        2     0.26263641E+02  0.21462407E+02  0.50000000E+00  0.48012345E+01  0.96024690E+01  0.60000000E+08     1
    32    15    57        7        2     0.21469886E+02  0.17040457E+02  0.50000000E+00  0.44294291E+01  0.88588583E+01  0.60000000E+08     1
    79    23    31       12        2     0.11651554E+03  0.11190129E+03  0.50000000E+00  0.46142434E+01  0.92284868E+01  0.60000000E+08     1
    79    23    32       12        2     0.11289150E+03  0.10831165E+03  0.50000000E+00  0.45798556E+01  0.91597112E+01  0.60000000E+08     1
    79    23    33       12        2     0.10928444E+03  0.10473877E+03  0.50000000E+00  0.45456663E+01  0.90913327E+01  0.60000000E+08     1
    79    23    34       12        2     0.10569401E+03  0.10118208E+03  0.50000000E+00  0.45119272E+01  0.90238544E+01  0.60000000E+08     1
    79    23    35       12        2     0.10211973E+03  0.97640698E+02  0.50000000E+00  0.44790312E+01  0.89580625E+01  0.60000000E+08     1
    79    23    36       12        2     0.98560846E+02  0.94113242E+02  0.50000000E+00  0.44476046E+01  0.88952093E+01  0.60000000E+08     1
    79    23    37       12        2     0.95016163E+02  0.90597498E+02  0.50000000E+00  0.44186646E+01  0.88373291E+01  0.60000000E+08     1
    79    23    38       12        2     0.91483681E+02  0.87089785E+02  0.50000000E+00  0.43938963E+01  0.87877925E+01  0.60000000E+08     1
    79    23    39       12        2     0.87959915E+02  0.83583770E+02  0.50000000E+00  0.43761450E+01  0.87522900E+01  0.60000000E+08     1
    79    23    40       12        2     0.84438534E+02  0.80068237E+02  0.50000000E+00  0.43702970E+01  0.87405941E+01  0.60000000E+08     1
    79    23    41       12        2     0.80907611E+02  0.76522745E+02  0.50000000E+00  0.43848665E+01  0.87697329E+01  0.60000000E+08     1
    79    23    42       12        2     0.77343998E+02  0.72909137E+02  0.50000000E+00  0.44348616E+01  0.88697233E+01  0.60000000E+08     1
    79    23    43       12        2     0.73701681E+02  0.68506751E+02  0.50000000E+00  0.51949297E+01  0.10389859E+02  0.60000000E+08     1
    79    23    44        6        2     0.69229636E+02  0.64742587E+02  0.50000000E+00  0.44870488E+01  0.89740976E+01  0.60000000E+08     1
    79    23    45        9        2     0.65333961E+02  0.61703930E+02  0.50000000E+00  0.36300311E+01  0.72600623E+01  0.60000000E+08     1
    79    23    46        8        2     0.62126969E+02  0.57964762E+02  0.50000000E+00  0.41622063E+01  0.83244126E+01  0.60000000E+08     1
    79    23    47        8        2     0.58220655E+02  0.53428196E+02  0.50000000E+00  0.47924587E+01  0.95849174E+01  0.60000000E+08     1
    79    23    48        7        2     0.53599707E+02  0.48175945E+02  0.50000000E+00  0.54237622E+01  0.10847524E+02  0.60000000E+08     1
    79    23    49        7        2     0.48291987E+02  0.42972006E+02  0.50000000E+00  0.53199802E+01  0.10639960E+02  0.60000000E+08     1
    79    23    50        7        2     0.43050875E+02  0.37780273E+02  0.50000000E+00  0.52706016E+01  0.10541203E+02  0.60000000E+08     1
    79    23    51        7        2     0.37835374E+02  0.32571487E+02  0.50000000E+00  0.52638875E+01  0.10527775E+02  0.60000000E+08     1
    79    23    52        7        2     0.32625709E+02  0.27557691E+02  0.50000000E+00  0.50680181E+01  0.10136036E+02  0.60000000E+08     1
    79    23    53        6        2     0.27611708E+02  0.22740615E+02  0.50000000E+00  0.48710936E+01  0.97421871E+01  0.60000000E+08     1
    79    23    54        6        2     0.22778188E+02  0.17889341E+02  0.50000000E+00  0.48888469E+01  0.97776939E+01  0.60000000E+08     1
    54    35    18       12        2     0.17010891E+03  0.16379233E+03  0.50000000E+00  0.63165726E+01  0.12633145E+02  0.60000000E+08     1
    54    35    19       12        2     0.16634110E+03  0.16005174E+03  0.50000000E+00  0.62893683E+01  0.12578737E+02  0.60000000E+08     1
    54    35    20       11        2     0.16257077E+03  0.15630407E+03  0.50000000E+00  0.62666927E+01  0.12533385E+02  0.60000000E+08     1
    54    35    21       11        2     0.15879847E+03  0.15255215E+03  0.50000000E+00  0.62463229E+01  0.12492646E+02  0.60000000E+08     1
    54    35    22       11        2     0.15505585E+03  0.14882833E+03  0.50000000E+00  0.62275198E+01  0.12455040E+02  0.60000000E+08     1
    54    35    23       11        2     0.15133794E+03  0.14512802E+03  0.50000000E+00  0.62099226E+01  0.12419845E+02  0.60000000E+08     1
    54    35    24       11        2     0.14764614E+03  0.14145250E+03  0.50000000E+00  0.61936406E+01  0.12387281E+02  0.60000000E+08     1
    54    35    25       11        2     0.14398111E+03  0.13780218E+03  0.50000000E+00  0.61789360E+01  0.12357872E+02  0.60000000E+08     1
    54    35    26       11        2     0.14034384E+03  0.13417776E+03  0.50000000E+00  0.61660862E+01  0.12332172E+02  0.60000000E+08     1
    54    35    27       11        2     0.13673549E+03  0.13058006E+03  0.50000000E+00  0.61554281E+01  0.12310856E+02  0.60000000E+08     1
    54    35    28       11        2     0.13315745E+03  0.12701003E+03  0.50000000E+00  0.61474154E+01  0.12294831E+02  0.60000000E+08     1
    54    35    29       11        2     0.12961154E+03  0.12346885E+03  0.50000000E+00  0.61426889E+01  0.12285378E+02  0.60000000E+08     1
    54    35    30       11        2     0.12610024E+03  0.11995803E+03  0.50000000E+00  0.61422119E+01  0.12284424E+02  0.60000000E+08     1
    54    35    31       11        2     0.12262716E+03  0.11647959E+03  0.50000000E+00  0.61475705E+01  0.12295141E+02  0.60000000E+08     1
    54    35    32       11        2     0.11919794E+03  0.11303626E+03  0.50000000E+00  0.61616801E+01  0.12323360E+02  0.60000000E+08     1
    54    35    33       11        2     0.11582218E+03  0.10963170E+03  0.50000000E+00  0.61904843E+01  0.12380969E+02  0.60000000E+08     1
    54    35    34       11        2     0.11251750E+03  0.10627044E+03  0.50000000E+00  0.62470632E+01  0.12494126E+02  0.60000000E+08     1
    54    35    35       10        2     0.10846376E+03  0.10295704E+03  0.50000000E+00  0.55067211E+01  0.11013442E+02  0.60000000E+08     1
    54    35    36       10        2     0.10359213E+03  0.98804323E+02  0.50000000E+00  0.47878062E+01  0.95756125E+01  0.60000000E+08     1
    54    35    37       10        2     0.98654823E+02  0.93801123E+02  0.50000000E+00  0.48536994E+01  0.97073989E+01  0.60000000E+08     1
    54    35    38       10        2     0.93696119E+02  0.88818554E+02  0.50000000E+00  0.48775647E+01  0.97551294E+01  0.60000000E+08     1
    54    35    39       10        2     0.88736624E+02  0.83852054E+02  0.50000000E+00  0.48845692E+01  0.97691385E+01  0.60000000E+08     1
    54    35    40       10        2     0.83787370E+02  0.78904814E+02  0.50000000E+00  0.48825562E+01  0.97651125E+01  0.60000000E+08     1
    54    35    41       10        2     0.78856273E+02  0.73984686E+02  0.50000000E+00  0.48715867E+01  0.97431733E+01  0.60000000E+08     1
    54    35    42       10        2     0.73951823E+02  0.69104925E+02  0.50000000E+00  0.48468979E+01  0.96937959E+01  0.60000000E+08     1
    54    35    43       10        2     0.69086623E+02  0.64288775E+02  0.50000000E+00  0.47978476E+01  0.95956952E+01  0.60000000E+08     1
    54    35    44       10        2     0.64283041E+02  0.59580391E+02  0.50000000E+00  0.47026502E+01  0.94053004E+01  0.60000000E+08     1
    54    35    45       10        2     0.59584477E+02  0.55068754E+02  0.50000000E+00  0.45157235E+01  0.90314469E+01  0.60000000E+08     1
    54    35    46       10        2     0.55079380E+02  0.51962377E+02  0.50000000E+00  0.31170029E+01  0.62340058E+01  0.60000000E+08     1
    54    35    47        9        2     0.51974803E+02  0.50067965E+02  0.50000000E+00  0.19068378E+01  0.38136756E+01  0.60000000E+08     1
    54    35    48        9        2     0.50078874E+02  0.47497134E+02  0.50000000E+00  0.25817400E+01  0.51634799E+01  0.60000000E+08     1
    54    35    49        8        2     0.47503798E+02  0.44277886E+02  0.50000000E+00  0.32259120E+01  0.64518241E+01  0.60000000E+08     1
    54    35    50        8        2     0.44279207E+02  0.40344676E+02  0.50000000E+00  0.39345318E+01  0.78690637E+01  0.60000000E+08     1
    54    35    51        7        2     0.40341705E+02  0.35710074E+02  0.50000000E+00  0.46316310E+01  0.92632620E+01  0.60000000E+08     1
    54    35    52        7        2     0.35702764E+02  0.31108668E+02  0.50000000E+00  0.45940961E+01  0.91881922E+01  0.60000000E+08     1
    54    35    53        7        2     0.31096750E+02  0.26543506E+02  0.50000000E+00  0.45532434E+01  0.91064869E+01  0.60000000E+08     1
    54    35    54        7        2     0.26529051E+02  0.22014892E+02  0.50000000E+00  0.45141587E+01  0.90283174E+01  0.60000000E+08     1
    54    35    55        7        2     0.22002255E+02  0.17520305E+02  0.50000000E+00  0.44819500E+01  0.89639001E+01  0.60000000E+08     1
    50    45    27       11        2     0.13902033E+03  0.13259854E+03  0.50000000E+00  0.64217903E+01  0.12843581E+02  0.60000000E+08     1
    50    45    28       11        2     0.13552527E+03  0.12910242E+03  0.50000000E+00  0.64228460E+01  0.12845692E+02  0.60000000E+08     1
    50    45    29       11        2     0.13206212E+03  0.12563626E+03  0.50000000E+00  0.64258557E+01  0.12851711E+02  0.60000000E+08     1
    50    45    30       11        2     0.12863223E+03  0.12220110E+03  0.50000000E+00  0.64311355E+01  0.12862271E+02  0.60000000E+08     1
    50    45    31       11        2     0.12523798E+03  0.11879860E+03  0.50000000E+00  0.64393740E+01  0.12878748E+02  0.60000000E+08     1
    50    45    32       11        2     0.12188367E+03  0.11543170E+03  0.50000000E+00  0.64519658E+01  0.12903932E+02  0.60000000E+08     1
    50    45    33       11        2     0.11857754E+03  0.11210601E+03  0.50000000E+00  0.64715274E+01  0.12943055E+02  0.60000000E+08     1
    50    45    34       11        2     0.11533596E+03  0.10883341E+03  0.50000000E+00  0.65025497E+01  0.13005099E+02  0.60000000E+08     1
    50    45    35       10        2     0.11135776E+03  0.10564108E+03  0.50000000E+00  0.57166801E+01  0.11433360E+02  0.60000000E+08     1
    50    45    36       10        2     0.10656785E+03  0.10177092E+03  0.50000000E+00  0.47969298E+01  0.95938595E+01  0.60000000E+08     1
    50    45    37       10        2     0.10172089E+03  0.97079256E+02  0.50000000E+00  0.46416341E+01  0.92832683E+01  0.60000000E+08     1
    50    45    38       10        2     0.96859976E+02  0.92265274E+02  0.50000000E+00  0.45947018E+01  0.91894036E+01  0.60000000E+08     1
    50    45    39       10        2     0.92003887E+02  0.87417734E+02  0.50000000E+00  0.45861526E+01  0.91723053E+01  0.60000000E+08     1
    50    45    40       10        2     0.87161971E+02  0.82571674E+02  0.50000000E+00  0.45902968E+01  0.91805936E+01  0.60000000E+08     1
    50    45    41       10        2     0.82339794E+02  0.77742553E+02  0.50000000E+00  0.45972415E+01  0.91944831E+01  0.60000000E+08     1
    50    45    42       10        2     0.77541202E+02  0.72938417E+02  0.50000000E+00  0.46027843E+01  0.92055686E+01  0.60000000E+08     1
    50    45    43       10        2     0.72768838E+02  0.68163863E+02  0.50000000E+00  0.46049752E+01  0.92099504E+01  0.60000000E+08     1
    50    45    44       10        2     0.68023799E+02  0.63420688E+02  0.50000000E+00  0.46031111E+01  0.92062221E+01  0.60000000E+08     1
    50    45    45       10        2     0.63304601E+02  0.58707157E+02  0.50000000E+00  0.45974437E+01  0.91948873E+01  0.60000000E+08     1
    50    45    46       10        2     0.58605830E+02  0.55386813E+02  0.50000000E+00  0.32190171E+01  0.64380342E+01  0.60000000E+08     1
    50    45    47        9        2     0.55286869E+02  0.53448281E+02  0.50000000E+00  0.18385881E+01  0.36771762E+01  0.60000000E+08     1
    50    45    48        9        2     0.53335325E+02  0.50878415E+02  0.50000000E+00  0.24569103E+01  0.49138207E+01  0.60000000E+08     1
    50    45    49        8        2     0.50739437E+02  0.47683527E+02  0.50000000E+00  0.30559106E+01  0.61118212E+01  0.60000000E+08     1
    50    45    50        8        2     0.47513610E+02  0.43794502E+02  0.50000000E+00  0.37191082E+01  0.74382164E+01  0.60000000E+08     1
    50    45    51        7        2     0.43599029E+02  0.39215953E+02  0.50000000E+00  0.43830764E+01  0.87661529E+01  0.60000000E+08     1
    50    45    52        7        2     0.39007603E+02  0.34663423E+02  0.50000000E+00  0.43441806E+01  0.86883612E+01  0.60000000E+08     1
    50    45    53        7        2     0.34458421E+02  0.30133358E+02  0.50000000E+00  0.43250628E+01  0.86501256E+01  0.60000000E+08     1
    50    45    54        7        2     0.29945569E+02  0.25616682E+02  0.50000000E+00  0.43288869E+01  0.86577739E+01  0.60000000E+08     1
    50    45    55        7        2     0.25462404E+02  0.21304517E+02  0.50000000E+00  0.41578869E+01  0.83157739E+01  0.60000000E+08     1
