% Shemat-Suite version: SHEMAT-Suite 9.0 (Freely)                                                       
% data fit at iteration                final
%    i     j     k     unit     type               calc             obs             err            diff             res            time  ozone
    32    15    21       12        2     0.15554900E+03  0.15145234E+03  0.50000000E+00  0.40966616E+01  0.81933232E+01  0.60000000E+08     1
    32    15    22       12        2     0.15181352E+03  0.14773580E+03  0.50000000E+00  0.40777197E+01  0.81554393E+01  0.60000000E+08     1
    32    15    23       12        2     0.14809666E+03  0.14403725E+03  0.50000000E+00  0.40594052E+01  0.81188103E+01  0.60000000E+08     1
    32    15    24       12        2     0.14439798E+03  0.14035619E+03  0.50000000E+00  0.40417902E+01  0.80835803E+01  0.60000000E+08     1
    32    15    25       12        2     0.14071698E+03  0.13669201E+03  0.50000000E+00  0.40249635E+01  0.80499271E+01  0.60000000E+08     1
    32    15    26       12        2     0.13705310E+03  0.13304408E+03  0.50000000E+00  0.40090184E+01  0.80180368E+01  0.60000000E+08     1
    32    15    27       12        2     0.13340572E+03  0.12941170E+03  0.50000000E+00  0.39940280E+01  0.79880560E+01  0.60000000E+08     1
    32    15    28       12        2     0.12977417E+03  0.12579415E+03  0.50000000E+00  0.39800260E+01  0.79600520E+01  0.60000000E+08     1
    32    15    29       12        2     0.12615777E+03  0.12219071E+03  0.50000000E+00  0.39670649E+01  0.79341298E+01  0.60000000E+08     1
    32    15    30       12        2     0.12255583E+03  0.11860055E+03  0.50000000E+00  0.39552739E+01  0.79105479E+01  0.60000000E+08     1
    32    15    31       12        2     0.11896754E+03  0.11502268E+03  0.50000000E+00  0.39448625E+01  0.78897250E+01  0.60000000E+08     1
    32    15    32       12        2     0.11539195E+03  0.11145585E+03  0.50000000E+00  0.39361040E+01  0.78722081E+01  0.60000000E+08     1
    32    15    33       12        2     0.11182785E+03  0.10789855E+03  0.50000000E+00  0.39292935E+01  0.78585870E+01  0.60000000E+08     1
    32    15    34       12        2     0.10827374E+03  0.10434913E+03  0.50000000E+00  0.39246103E+01  0.78492206E+01  0.60000000E+08     1
    32    15    35       12        2     0.10472802E+03  0.10080633E+03  0.50000000E+00  0.39216901E+01  0.78433801E+01  0.60000000E+08     1
    32    15    36       12        2     0.10118940E+03  0.97269028E+02  0.50000000E+00  0.39203715E+01  0.78407430E+01  0.60000000E+08     1
    32    15    37       12        2     0.97656790E+02  0.93735758E+02  0.50000000E+00  0.39210320E+01  0.78420639E+01  0.60000000E+08     1
    32    15    38       12        2     0.94128677E+02  0.90204327E+02  0.50000000E+00  0.39243509E+01  0.78487018E+01  0.60000000E+08     1
    32    15    39       12        2     0.90602830E+02  0.86671385E+02  0.50000000E+00  0.39314448E+01  0.78628896E+01  0.60000000E+08     1
    32    15    40       12        2     0.87075863E+02  0.83131509E+02  0.50000000E+00  0.39443536E+01  0.78887073E+01  0.60000000E+08     1
    32    15    41       12        2     0.83542472E+02  0.79575263E+02  0.50000000E+00  0.39672090E+01  0.79344179E+01  0.60000000E+08     1
    32    15    42       12        2     0.79994092E+02  0.75984904E+02  0.50000000E+00  0.40091886E+01  0.80183773E+01  0.60000000E+08     1
    32    15    43       12        2     0.76416763E+02  0.72324252E+02  0.50000000E+00  0.40925110E+01  0.81850219E+01  0.60000000E+08     1
    32    15    44       12        2     0.72788621E+02  0.68531442E+02  0.50000000E+00  0.42571786E+01  0.85143572E+01  0.60000000E+08     1
    32    15    45       12        2     0.69090071E+02  0.64669560E+02  0.50000000E+00  0.44205110E+01  0.88410220E+01  0.60000000E+08     1
    32    15    46       12        2     0.65283838E+02  0.60810325E+02  0.50000000E+00  0.44735132E+01  0.89470264E+01  0.60000000E+08     1
    32    15    47       12        2     0.61429770E+02  0.56994213E+02  0.50000000E+00  0.44355569E+01  0.88711139E+01  0.60000000E+08     1
    32    15    48       12        2     0.57601102E+02  0.53259247E+02  0.50000000E+00  0.43418547E+01  0.86837095E+01  0.60000000E+08     1
    32    15    49       12        2     0.53845176E+02  0.49667649E+02  0.50000000E+00  0.41775268E+01  0.83550535E+01  0.60000000E+08     1
    32    15    50       12        2     0.50222937E+02  0.46839711E+02  0.50000000E+00  0.33832255E+01  0.67664510E+01  0.60000000E+08     1
    32    15    51        9        2     0.47353728E+02  0.43918630E+02  0.50000000E+00  0.34350984E+01  0.68701968E+01  0.60000000E+08     1
    32    15    52        8        2     0.44331717E+02  0.40376437E+02  0.50000000E+00  0.39552792E+01  0.79105584E+01  0.60000000E+08     1
    32    15    53        8        2     0.40671482E+02  0.36129785E+02  0.50000000E+00  0.45416971E+01  0.90833942E+01  0.60000000E+08     1
    32    15    54        7        2     0.36324360E+02  0.31150589E+02  0.50000000E+00  0.51737706E+01  0.10347541E+02  0.60000000E+08     1
    32    15    55        7        2     0.31255391E+02  0.26234622E+02  0.50000000E+00  0.50207685E+01  0.10041537E+02  0.60000000E+08     1
    32    15    56        7        2     0.26283715E+02  0.21462407E+02  0.50000000E+00  0.48213077E+01  0.96426154E+01  0.60000000E+08     1
    32    15    57        7        2     0.21480636E+02  0.17040457E+02  0.50000000E+00  0.44401792E+01  0.88803583E+01  0.60000000E+08     1
    79    23    31       12        2     0.11611641E+03  0.11190129E+03  0.50000000E+00  0.42151140E+01  0.84302280E+01  0.60000000E+08     1
    79    23    32       12        2     0.11250614E+03  0.10831165E+03  0.50000000E+00  0.41944889E+01  0.83889779E+01  0.60000000E+08     1
    79    23    33       12        2     0.10891296E+03  0.10473877E+03  0.50000000E+00  0.41741871E+01  0.83483742E+01  0.60000000E+08     1
    79    23    34       12        2     0.10533652E+03  0.10118208E+03  0.50000000E+00  0.41544399E+01  0.83088798E+01  0.60000000E+08     1
    79    23    35       12        2     0.10177632E+03  0.97640698E+02  0.50000000E+00  0.41356201E+01  0.82712402E+01  0.60000000E+08     1
    79    23    36       12        2     0.98231575E+02  0.94113242E+02  0.50000000E+00  0.41183339E+01  0.82366679E+01  0.60000000E+08     1
    79    23    37       12        2     0.94701078E+02  0.90597498E+02  0.50000000E+00  0.41035798E+01  0.82071596E+01  0.60000000E+08     1
    79    23    38       12        2     0.91182811E+02  0.87089785E+02  0.50000000E+00  0.40930267E+01  0.81860534E+01  0.60000000E+08     1
    79    23    39       12        2     0.87673279E+02  0.83583770E+02  0.50000000E+00  0.40895085E+01  0.81790171E+01  0.60000000E+08     1
    79    23    40       12        2     0.84166146E+02  0.80068237E+02  0.50000000E+00  0.40979090E+01  0.81958180E+01  0.60000000E+08     1
    79    23    41       12        2     0.80649502E+02  0.76522745E+02  0.50000000E+00  0.41267568E+01  0.82535135E+01  0.60000000E+08     1
    79    23    42       12        2     0.77100245E+02  0.72909137E+02  0.50000000E+00  0.41911077E+01  0.83822154E+01  0.60000000E+08     1
    79    23    43       12        2     0.73472474E+02  0.68506751E+02  0.50000000E+00  0.49657230E+01  0.99314460E+01  0.60000000E+08     1
    79    23    44        6        2     0.69018185E+02  0.64742587E+02  0.50000000E+00  0.42755981E+01  0.85511962E+01  0.60000000E+08     1
    79    23    45        9        2     0.65137878E+02  0.61703930E+02  0.50000000E+00  0.34339473E+01  0.68678947E+01  0.60000000E+08     1
    79    23    46        8        2     0.61943968E+02  0.57964762E+02  0.50000000E+00  0.39792062E+01  0.79584124E+01  0.60000000E+08     1
    79    23    47        8        2     0.58053275E+02  0.53428196E+02  0.50000000E+00  0.46250791E+01  0.92501582E+01  0.60000000E+08     1
    79    23    48        7        2     0.53450705E+02  0.48175945E+02  0.50000000E+00  0.52747605E+01  0.10549521E+02  0.60000000E+08     1
    79    23    49        7        2     0.48163828E+02  0.42972006E+02  0.50000000E+00  0.51918218E+01  0.10383644E+02  0.60000000E+08     1
    79    23    50        7        2     0.42943213E+02  0.37780273E+02  0.50000000E+00  0.51629398E+01  0.10325880E+02  0.60000000E+08     1
    79    23    51        7        2     0.37748013E+02  0.32571487E+02  0.50000000E+00  0.51765260E+01  0.10353052E+02  0.60000000E+08     1
    79    23    52        7        2     0.32558521E+02  0.27557691E+02  0.50000000E+00  0.50008299E+01  0.10001660E+02  0.60000000E+08     1
    79    23    53        6        2     0.27563810E+02  0.22740615E+02  0.50000000E+00  0.48231950E+01  0.96463900E+01  0.60000000E+08     1
    79    23    54        6        2     0.22748747E+02  0.17889341E+02  0.50000000E+00  0.48594062E+01  0.97188124E+01  0.60000000E+08     1
    54    35    18       12        2     0.16803230E+03  0.16379233E+03  0.50000000E+00  0.42399607E+01  0.84799215E+01  0.60000000E+08     1
    54    35    19       12        2     0.16425933E+03  0.16005174E+03  0.50000000E+00  0.42075924E+01  0.84151847E+01  0.60000000E+08     1
    54    35    20       12        2     0.16050811E+03  0.15630407E+03  0.50000000E+00  0.42040365E+01  0.84080730E+01  0.60000000E+08     1
    54    35    21       12        2     0.15678409E+03  0.15255215E+03  0.50000000E+00  0.42319490E+01  0.84638979E+01  0.60000000E+08     1
    54    35    22       11        2     0.15305652E+03  0.14882833E+03  0.50000000E+00  0.42281878E+01  0.84563755E+01  0.60000000E+08     1
    54    35    23       11        2     0.14932601E+03  0.14512802E+03  0.50000000E+00  0.41979875E+01  0.83959751E+01  0.60000000E+08     1
    54    35    24       11        2     0.14562388E+03  0.14145250E+03  0.50000000E+00  0.41713795E+01  0.83427589E+01  0.60000000E+08     1
    54    35    25       11        2     0.14194529E+03  0.13780218E+03  0.50000000E+00  0.41431180E+01  0.82862361E+01  0.60000000E+08     1
    54    35    26       11        2     0.13829203E+03  0.13417776E+03  0.50000000E+00  0.41142744E+01  0.82285488E+01  0.60000000E+08     1
    54    35    27       11        2     0.13466526E+03  0.13058006E+03  0.50000000E+00  0.40852064E+01  0.81704128E+01  0.60000000E+08     1
    54    35    28       11        2     0.13106599E+03  0.12701003E+03  0.50000000E+00  0.40559584E+01  0.81119168E+01  0.60000000E+08     1
    54    35    29       11        2     0.12749531E+03  0.12346885E+03  0.50000000E+00  0.40264531E+01  0.80529062E+01  0.60000000E+08     1
    54    35    30       11        2     0.12395454E+03  0.11995803E+03  0.50000000E+00  0.39965064E+01  0.79930127E+01  0.60000000E+08     1
    54    35    31       11        2     0.12044536E+03  0.11647959E+03  0.50000000E+00  0.39657708E+01  0.79315416E+01  0.60000000E+08     1
    54    35    32       11        2     0.11696990E+03  0.11303626E+03  0.50000000E+00  0.39336440E+01  0.78672880E+01  0.60000000E+08     1
    54    35    33       11        2     0.11353088E+03  0.10963170E+03  0.50000000E+00  0.38991815E+01  0.77983631E+01  0.60000000E+08     1
    54    35    34       11        2     0.11013159E+03  0.10627044E+03  0.50000000E+00  0.38611488E+01  0.77222976E+01  0.60000000E+08     1
    54    35    35       11        2     0.10677564E+03  0.10295704E+03  0.50000000E+00  0.38186021E+01  0.76372041E+01  0.60000000E+08     1
    54    35    36       11        2     0.10346585E+03  0.98804323E+02  0.50000000E+00  0.46615267E+01  0.93230533E+01  0.60000000E+08     1
    54    35    37       10        2     0.99313189E+02  0.93801123E+02  0.50000000E+00  0.55120656E+01  0.11024131E+02  0.60000000E+08     1
    54    35    38       10        2     0.94304395E+02  0.88818554E+02  0.50000000E+00  0.54858410E+01  0.10971682E+02  0.60000000E+08     1
    54    35    39       10        2     0.89310535E+02  0.83852054E+02  0.50000000E+00  0.54584807E+01  0.10916961E+02  0.60000000E+08     1
    54    35    40       10        2     0.84328938E+02  0.78904814E+02  0.50000000E+00  0.54241247E+01  0.10848249E+02  0.60000000E+08     1
    54    35    41       10        2     0.79363863E+02  0.73984686E+02  0.50000000E+00  0.53791773E+01  0.10758355E+02  0.60000000E+08     1
    54    35    42       10        2     0.74423475E+02  0.69104925E+02  0.50000000E+00  0.53185507E+01  0.10637101E+02  0.60000000E+08     1
    54    35    43       10        2     0.69520948E+02  0.64288775E+02  0.50000000E+00  0.52321731E+01  0.10464346E+02  0.60000000E+08     1
    54    35    44       10        2     0.64679360E+02  0.59580391E+02  0.50000000E+00  0.50989692E+01  0.10197938E+02  0.60000000E+08     1
    54    35    45       10        2     0.59942836E+02  0.55068754E+02  0.50000000E+00  0.48740823E+01  0.97481646E+01  0.60000000E+08     1
    54    35    46       10        2     0.55400716E+02  0.51962377E+02  0.50000000E+00  0.34383389E+01  0.68766778E+01  0.60000000E+08     1
    54    35    47        9        2     0.52271025E+02  0.50067965E+02  0.50000000E+00  0.22030601E+01  0.44061202E+01  0.60000000E+08     1
    54    35    48        9        2     0.50359215E+02  0.47497134E+02  0.50000000E+00  0.28620812E+01  0.57241623E+01  0.60000000E+08     1
    54    35    49        8        2     0.47762825E+02  0.44277886E+02  0.50000000E+00  0.34849396E+01  0.69698793E+01  0.60000000E+08     1
    54    35    50        8        2     0.44511793E+02  0.40344676E+02  0.50000000E+00  0.41671171E+01  0.83342341E+01  0.60000000E+08     1
    54    35    51        7        2     0.40542421E+02  0.35710074E+02  0.50000000E+00  0.48323473E+01  0.96646946E+01  0.60000000E+08     1
    54    35    52        7        2     0.35866324E+02  0.31108668E+02  0.50000000E+00  0.47576565E+01  0.95153130E+01  0.60000000E+08     1
    54    35    53        7        2     0.31223592E+02  0.26543506E+02  0.50000000E+00  0.46800855E+01  0.93601709E+01  0.60000000E+08     1
    54    35    54        7        2     0.26619662E+02  0.22014892E+02  0.50000000E+00  0.46047699E+01  0.92095398E+01  0.60000000E+08     1
    54    35    55        7        2     0.22057147E+02  0.17520305E+02  0.50000000E+00  0.45368419E+01  0.90736838E+01  0.60000000E+08     1
    50    45    27       11        2     0.13655499E+03  0.13259854E+03  0.50000000E+00  0.39564498E+01  0.79128996E+01  0.60000000E+08     1
    50    45    28       11        2     0.13302366E+03  0.12910242E+03  0.50000000E+00  0.39212432E+01  0.78424865E+01  0.60000000E+08     1
    50    45    29       11        2     0.12952104E+03  0.12563626E+03  0.50000000E+00  0.38847798E+01  0.77695597E+01  0.60000000E+08     1
    50    45    30       11        2     0.12604745E+03  0.12220110E+03  0.50000000E+00  0.38463475E+01  0.76926950E+01  0.60000000E+08     1
    50    45    31       11        2     0.12260317E+03  0.11879860E+03  0.50000000E+00  0.38045685E+01  0.76091370E+01  0.60000000E+08     1
    50    45    32       11        2     0.11918829E+03  0.11543170E+03  0.50000000E+00  0.37565895E+01  0.75131790E+01  0.60000000E+08     1
    50    45    33       11        2     0.11580214E+03  0.11210601E+03  0.50000000E+00  0.36961252E+01  0.73922504E+01  0.60000000E+08     1
    50    45    34       11        2     0.11244195E+03  0.10883341E+03  0.50000000E+00  0.36085418E+01  0.72170837E+01  0.60000000E+08     1
    50    45    35       11        2     0.10909916E+03  0.10564108E+03  0.50000000E+00  0.34580771E+01  0.69161543E+01  0.60000000E+08     1
    50    45    36       11        2     0.10574922E+03  0.10177092E+03  0.50000000E+00  0.39783000E+01  0.79566000E+01  0.60000000E+08     1
    50    45    37       11        2     0.10232349E+03  0.97079256E+02  0.50000000E+00  0.52442302E+01  0.10488460E+02  0.60000000E+08     1
    50    45    38       10        2     0.98036348E+02  0.92265274E+02  0.50000000E+00  0.57710740E+01  0.11542148E+02  0.60000000E+08     1
    50    45    39       10        2     0.93008528E+02  0.87417734E+02  0.50000000E+00  0.55907936E+01  0.11181587E+02  0.60000000E+08     1
    50    45    40       10        2     0.88064023E+02  0.82571674E+02  0.50000000E+00  0.54923492E+01  0.10984698E+02  0.60000000E+08     1
    50    45    41       10        2     0.83166948E+02  0.77742553E+02  0.50000000E+00  0.54243951E+01  0.10848790E+02  0.60000000E+08     1
    50    45    42       10        2     0.78304640E+02  0.72938417E+02  0.50000000E+00  0.53662223E+01  0.10732445E+02  0.60000000E+08     1
    50    45    43       10        2     0.73473054E+02  0.68163863E+02  0.50000000E+00  0.53091915E+01  0.10618383E+02  0.60000000E+08     1
    50    45    44       10        2     0.68670574E+02  0.63420688E+02  0.50000000E+00  0.52498854E+01  0.10499771E+02  0.60000000E+08     1
    50    45    45       10        2     0.63894633E+02  0.58707157E+02  0.50000000E+00  0.51874760E+01  0.10374952E+02  0.60000000E+08     1
    50    45    46       10        2     0.59139399E+02  0.55386813E+02  0.50000000E+00  0.37525866E+01  0.75051732E+01  0.60000000E+08     1
    50    45    47        9        2     0.55779887E+02  0.53448281E+02  0.50000000E+00  0.23316057E+01  0.46632114E+01  0.60000000E+08     1
    50    45    48        9        2     0.53803507E+02  0.50878415E+02  0.50000000E+00  0.29250924E+01  0.58501847E+01  0.60000000E+08     1
    50    45    49        8        2     0.51174883E+02  0.47683527E+02  0.50000000E+00  0.34913559E+01  0.69827118E+01  0.60000000E+08     1
    50    45    50        8        2     0.47908698E+02  0.43794502E+02  0.50000000E+00  0.41141962E+01  0.82283924E+01  0.60000000E+08     1
    50    45    51        7        2     0.43945716E+02  0.39215953E+02  0.50000000E+00  0.47297627E+01  0.94595253E+01  0.60000000E+08     1
    50    45    52        7        2     0.39298059E+02  0.34663423E+02  0.50000000E+00  0.46346362E+01  0.92692723E+01  0.60000000E+08     1
    50    45    53        7        2     0.34693344E+02  0.30133358E+02  0.50000000E+00  0.45599856E+01  0.91199711E+01  0.60000000E+08     1
    50    45    54        7        2     0.30125610E+02  0.25616682E+02  0.50000000E+00  0.45089278E+01  0.90178556E+01  0.60000000E+08     1
    50    45    55        7        2     0.25588154E+02  0.21304517E+02  0.50000000E+00  0.42836370E+01  0.85672740E+01  0.60000000E+08     1
