% Shemat-Suite version: SHEMAT-Suite 9.0 (Freely)                                                       
% data fit at iteration                final
%    i     j     k     unit     type               calc             obs             err            diff             res            time  ozone
    32    15    21       12        2     0.15590754E+03  0.15145234E+03  0.50000000E+00  0.44551978E+01  0.89103956E+01  0.60000000E+08     1
    32    15    22       12        2     0.15217037E+03  0.14773580E+03  0.50000000E+00  0.44345756E+01  0.88691513E+01  0.60000000E+08     1
    32    15    23       12        2     0.14845173E+03  0.14403725E+03  0.50000000E+00  0.44144779E+01  0.88289558E+01  0.60000000E+08     1
    32    15    24       12        2     0.14475113E+03  0.14035619E+03  0.50000000E+00  0.43949470E+01  0.87898940E+01  0.60000000E+08     1
    32    15    25       12        2     0.14106805E+03  0.13669201E+03  0.50000000E+00  0.43760356E+01  0.87520712E+01  0.60000000E+08     1
    32    15    26       12        2     0.13740188E+03  0.13304408E+03  0.50000000E+00  0.43577929E+01  0.87155859E+01  0.60000000E+08     1
    32    15    27       12        2     0.13375193E+03  0.12941170E+03  0.50000000E+00  0.43402390E+01  0.86804780E+01  0.60000000E+08     1
    32    15    28       12        2     0.13011749E+03  0.12579415E+03  0.50000000E+00  0.43233434E+01  0.86466867E+01  0.60000000E+08     1
    32    15    29       12        2     0.12649779E+03  0.12219071E+03  0.50000000E+00  0.43070813E+01  0.86141627E+01  0.60000000E+08     1
    32    15    30       12        2     0.12289204E+03  0.11860055E+03  0.50000000E+00  0.42914880E+01  0.85829761E+01  0.60000000E+08     1
    32    15    31       12        2     0.11929934E+03  0.11502268E+03  0.50000000E+00  0.42766585E+01  0.85533169E+01  0.60000000E+08     1
    32    15    32       12        2     0.11571858E+03  0.11145585E+03  0.50000000E+00  0.42627270E+01  0.85254541E+01  0.60000000E+08     1
    32    15    33       12        2     0.11214837E+03  0.10789855E+03  0.50000000E+00  0.42498204E+01  0.84996407E+01  0.60000000E+08     1
    32    15    34       12        2     0.10858705E+03  0.10434913E+03  0.50000000E+00  0.42379153E+01  0.84758307E+01  0.60000000E+08     1
    32    15    35       12        2     0.10503274E+03  0.10080633E+03  0.50000000E+00  0.42264089E+01  0.84528178E+01  0.60000000E+08     1
    32    15    36       12        2     0.10148390E+03  0.97269028E+02  0.50000000E+00  0.42148689E+01  0.84297377E+01  0.60000000E+08     1
    32    15    37       12        2     0.97939121E+02  0.93735758E+02  0.50000000E+00  0.42033629E+01  0.84067258E+01  0.60000000E+08     1
    32    15    38       12        2     0.94396577E+02  0.90204327E+02  0.50000000E+00  0.41922504E+01  0.83845008E+01  0.60000000E+08     1
    32    15    39       12        2     0.90853748E+02  0.86671385E+02  0.50000000E+00  0.41823626E+01  0.83647252E+01  0.60000000E+08     1
    32    15    40       12        2     0.87307050E+02  0.83131509E+02  0.50000000E+00  0.41755414E+01  0.83510828E+01  0.60000000E+08     1
    32    15    41       12        2     0.83751055E+02  0.79575263E+02  0.50000000E+00  0.41757918E+01  0.83515836E+01  0.60000000E+08     1
    32    15    42       12        2     0.80176792E+02  0.75984904E+02  0.50000000E+00  0.41918883E+01  0.83837767E+01  0.60000000E+08     1
    32    15    43       12        2     0.76568049E+02  0.72324252E+02  0.50000000E+00  0.42437969E+01  0.84875939E+01  0.60000000E+08     1
    32    15    44       12        2     0.72891736E+02  0.68531442E+02  0.50000000E+00  0.43602938E+01  0.87205876E+01  0.60000000E+08     1
    32    15    45       12        2     0.69087759E+02  0.64669560E+02  0.50000000E+00  0.44181987E+01  0.88363973E+01  0.60000000E+08     1
    32    15    46       12        2     0.65216644E+02  0.60810325E+02  0.50000000E+00  0.44063196E+01  0.88126392E+01  0.60000000E+08     1
    32    15    47       12        2     0.61349214E+02  0.56994213E+02  0.50000000E+00  0.43550008E+01  0.87100016E+01  0.60000000E+08     1
    32    15    48       12        2     0.57523921E+02  0.53259247E+02  0.50000000E+00  0.42646739E+01  0.85293477E+01  0.60000000E+08     1
    32    15    49       12        2     0.53775344E+02  0.49667649E+02  0.50000000E+00  0.41076946E+01  0.82153893E+01  0.60000000E+08     1
    32    15    50       12        2     0.50159071E+02  0.46839711E+02  0.50000000E+00  0.33193598E+01  0.66387197E+01  0.60000000E+08     1
    32    15    51        9        2     0.47295478E+02  0.43918630E+02  0.50000000E+00  0.33768486E+01  0.67536973E+01  0.60000000E+08     1
    32    15    52        8        2     0.44279972E+02  0.40376437E+02  0.50000000E+00  0.39035348E+01  0.78070696E+01  0.60000000E+08     1
    32    15    53        8        2     0.40627710E+02  0.36129785E+02  0.50000000E+00  0.44979259E+01  0.89958518E+01  0.60000000E+08     1
    32    15    54        7        2     0.36289119E+02  0.31150589E+02  0.50000000E+00  0.51385303E+01  0.10277061E+02  0.60000000E+08     1
    32    15    55        7        2     0.31229416E+02  0.26234622E+02  0.50000000E+00  0.49947931E+01  0.99895863E+01  0.60000000E+08     1
    32    15    56        7        2     0.26266291E+02  0.21462407E+02  0.50000000E+00  0.48038843E+01  0.96077687E+01  0.60000000E+08     1
    32    15    57        7        2     0.21471000E+02  0.17040457E+02  0.50000000E+00  0.44305430E+01  0.88610860E+01  0.60000000E+08     1
    79    23    31       12        2     0.11620030E+03  0.11190129E+03  0.50000000E+00  0.42990047E+01  0.85980094E+01  0.60000000E+08     1
    79    23    32       12        2     0.11258710E+03  0.10831165E+03  0.50000000E+00  0.42754544E+01  0.85509088E+01  0.60000000E+08     1
    79    23    33       12        2     0.10899098E+03  0.10473877E+03  0.50000000E+00  0.42522040E+01  0.85044080E+01  0.60000000E+08     1
    79    23    34       12        2     0.10541157E+03  0.10118208E+03  0.50000000E+00  0.42294891E+01  0.84589782E+01  0.60000000E+08     1
    79    23    35       12        2     0.10184838E+03  0.97640698E+02  0.50000000E+00  0.42076869E+01  0.84153738E+01  0.60000000E+08     1
    79    23    36       12        2     0.98300649E+02  0.94113242E+02  0.50000000E+00  0.41874079E+01  0.83748158E+01  0.60000000E+08     1
    79    23    37       12        2     0.94767153E+02  0.90597498E+02  0.50000000E+00  0.41696546E+01  0.83393093E+01  0.60000000E+08     1
    79    23    38       12        2     0.91245884E+02  0.87089785E+02  0.50000000E+00  0.41560996E+01  0.83121993E+01  0.60000000E+08     1
    79    23    39       12        2     0.87733349E+02  0.83583770E+02  0.50000000E+00  0.41495793E+01  0.82991585E+01  0.60000000E+08     1
    79    23    40       12        2     0.84223215E+02  0.80068237E+02  0.50000000E+00  0.41549778E+01  0.83099556E+01  0.60000000E+08     1
    79    23    41       12        2     0.80703566E+02  0.76522745E+02  0.50000000E+00  0.41808208E+01  0.83616416E+01  0.60000000E+08     1
    79    23    42       12        2     0.77151291E+02  0.72909137E+02  0.50000000E+00  0.42421541E+01  0.84843082E+01  0.60000000E+08     1
    79    23    43       12        2     0.73520466E+02  0.68506751E+02  0.50000000E+00  0.50137150E+01  0.10027430E+02  0.60000000E+08     1
    79    23    44        6        2     0.69062451E+02  0.64742587E+02  0.50000000E+00  0.43198636E+01  0.86397271E+01  0.60000000E+08     1
    79    23    45        9        2     0.65178920E+02  0.61703930E+02  0.50000000E+00  0.34749900E+01  0.69499799E+01  0.60000000E+08     1
    79    23    46        8        2     0.61982269E+02  0.57964762E+02  0.50000000E+00  0.40175067E+01  0.80350134E+01  0.60000000E+08     1
    79    23    47        8        2     0.58088304E+02  0.53428196E+02  0.50000000E+00  0.46601079E+01  0.93202157E+01  0.60000000E+08     1
    79    23    48        7        2     0.53481886E+02  0.48175945E+02  0.50000000E+00  0.53059408E+01  0.10611882E+02  0.60000000E+08     1
    79    23    49        7        2     0.48190645E+02  0.42972006E+02  0.50000000E+00  0.52186387E+01  0.10437277E+02  0.60000000E+08     1
    79    23    50        7        2     0.42965740E+02  0.37780273E+02  0.50000000E+00  0.51854667E+01  0.10370933E+02  0.60000000E+08     1
    79    23    51        7        2     0.37766292E+02  0.32571487E+02  0.50000000E+00  0.51948048E+01  0.10389610E+02  0.60000000E+08     1
    79    23    52        7        2     0.32572578E+02  0.27557691E+02  0.50000000E+00  0.50148876E+01  0.10029775E+02  0.60000000E+08     1
    79    23    53        6        2     0.27573832E+02  0.22740615E+02  0.50000000E+00  0.48332168E+01  0.96664336E+01  0.60000000E+08     1
    79    23    54        6        2     0.22754907E+02  0.17889341E+02  0.50000000E+00  0.48655662E+01  0.97311325E+01  0.60000000E+08     1
    54    35    18       12        2     0.16845783E+03  0.16379233E+03  0.50000000E+00  0.46654943E+01  0.93309885E+01  0.60000000E+08     1
    54    35    19       12        2     0.16468481E+03  0.16005174E+03  0.50000000E+00  0.46330749E+01  0.92661498E+01  0.60000000E+08     1
    54    35    20       12        2     0.16093970E+03  0.15630407E+03  0.50000000E+00  0.46356245E+01  0.92712490E+01  0.60000000E+08     1
    54    35    21       11        2     0.15719155E+03  0.15255215E+03  0.50000000E+00  0.46394040E+01  0.92788081E+01  0.60000000E+08     1
    54    35    22       11        2     0.15344102E+03  0.14882833E+03  0.50000000E+00  0.46126849E+01  0.92253699E+01  0.60000000E+08     1
    54    35    23       11        2     0.14971962E+03  0.14512802E+03  0.50000000E+00  0.45915944E+01  0.91831888E+01  0.60000000E+08     1
    54    35    24       11        2     0.14602245E+03  0.14145250E+03  0.50000000E+00  0.45699578E+01  0.91399156E+01  0.60000000E+08     1
    54    35    25       11        2     0.14235081E+03  0.13780218E+03  0.50000000E+00  0.45486356E+01  0.90972711E+01  0.60000000E+08     1
    54    35    26       11        2     0.13870523E+03  0.13417776E+03  0.50000000E+00  0.45274714E+01  0.90549429E+01  0.60000000E+08     1
    54    35    27       11        2     0.13508653E+03  0.13058006E+03  0.50000000E+00  0.45064761E+01  0.90129522E+01  0.60000000E+08     1
    54    35    28       11        2     0.13149565E+03  0.12701003E+03  0.50000000E+00  0.44856210E+01  0.89712420E+01  0.60000000E+08     1
    54    35    29       11        2     0.12793353E+03  0.12346885E+03  0.50000000E+00  0.44646812E+01  0.89293624E+01  0.60000000E+08     1
    54    35    30       11        2     0.12440105E+03  0.11995803E+03  0.50000000E+00  0.44430222E+01  0.88860443E+01  0.60000000E+08     1
    54    35    31       11        2     0.12089879E+03  0.11647959E+03  0.50000000E+00  0.44192017E+01  0.88384033E+01  0.60000000E+08     1
    54    35    32       11        2     0.11742641E+03  0.11303626E+03  0.50000000E+00  0.43901486E+01  0.87802973E+01  0.60000000E+08     1
    54    35    33       11        2     0.11398109E+03  0.10963170E+03  0.50000000E+00  0.43493913E+01  0.86987826E+01  0.60000000E+08     1
    54    35    34       11        2     0.11055350E+03  0.10627044E+03  0.50000000E+00  0.42830597E+01  0.85661195E+01  0.60000000E+08     1
    54    35    35       11        2     0.10711744E+03  0.10295704E+03  0.50000000E+00  0.41604025E+01  0.83208050E+01  0.60000000E+08     1
    54    35    36       11        2     0.10360291E+03  0.98804323E+02  0.50000000E+00  0.47985907E+01  0.95971813E+01  0.60000000E+08     1
    54    35    37       10        2     0.99236785E+02  0.93801123E+02  0.50000000E+00  0.54356620E+01  0.10871324E+02  0.60000000E+08     1
    54    35    38       10        2     0.94131141E+02  0.88818554E+02  0.50000000E+00  0.53125864E+01  0.10625173E+02  0.60000000E+08     1
    54    35    39       10        2     0.89107762E+02  0.83852054E+02  0.50000000E+00  0.52557075E+01  0.10511415E+02  0.60000000E+08     1
    54    35    40       10        2     0.84125659E+02  0.78904814E+02  0.50000000E+00  0.52208460E+01  0.10441692E+02  0.60000000E+08     1
    54    35    41       10        2     0.79172755E+02  0.73984686E+02  0.50000000E+00  0.51880694E+01  0.10376139E+02  0.60000000E+08     1
    54    35    42       10        2     0.74249892E+02  0.69104925E+02  0.50000000E+00  0.51449669E+01  0.10289934E+02  0.60000000E+08     1
    54    35    43       10        2     0.69366834E+02  0.64288775E+02  0.50000000E+00  0.50780587E+01  0.10156117E+02  0.60000000E+08     1
    54    35    44       10        2     0.64545037E+02  0.59580391E+02  0.50000000E+00  0.49646460E+01  0.99292921E+01  0.60000000E+08     1
    54    35    45       10        2     0.59827829E+02  0.55068754E+02  0.50000000E+00  0.47590749E+01  0.95181499E+01  0.60000000E+08     1
    54    35    46       10        2     0.55304085E+02  0.51962377E+02  0.50000000E+00  0.33417077E+01  0.66834155E+01  0.60000000E+08     1
    54    35    47        9        2     0.52185342E+02  0.50067965E+02  0.50000000E+00  0.21173767E+01  0.42347534E+01  0.60000000E+08     1
    54    35    48        9        2     0.50279600E+02  0.47497134E+02  0.50000000E+00  0.27824663E+01  0.55649325E+01  0.60000000E+08     1
    54    35    49        8        2     0.47690474E+02  0.44277886E+02  0.50000000E+00  0.34125883E+01  0.68251766E+01  0.60000000E+08     1
    54    35    50        8        2     0.44447862E+02  0.40344676E+02  0.50000000E+00  0.41031867E+01  0.82063734E+01  0.60000000E+08     1
    54    35    51        7        2     0.40488009E+02  0.35710074E+02  0.50000000E+00  0.47779353E+01  0.95558706E+01  0.60000000E+08     1
    54    35    52        7        2     0.35822570E+02  0.31108668E+02  0.50000000E+00  0.47139027E+01  0.94278054E+01  0.60000000E+08     1
    54    35    53        7        2     0.31190019E+02  0.26543506E+02  0.50000000E+00  0.46465130E+01  0.92930260E+01  0.60000000E+08     1
    54    35    54        7        2     0.26595871E+02  0.22014892E+02  0.50000000E+00  0.45809792E+01  0.91619584E+01  0.60000000E+08     1
    54    35    55        7        2     0.22042816E+02  0.17520305E+02  0.50000000E+00  0.45225112E+01  0.90450223E+01  0.60000000E+08     1
    50    45    27       11        2     0.13702015E+03  0.13259854E+03  0.50000000E+00  0.44216091E+01  0.88432181E+01  0.60000000E+08     1
    50    45    28       11        2     0.13349735E+03  0.12910242E+03  0.50000000E+00  0.43949333E+01  0.87898667E+01  0.60000000E+08     1
    50    45    29       11        2     0.13000398E+03  0.12563626E+03  0.50000000E+00  0.43677204E+01  0.87354407E+01  0.60000000E+08     1
    50    45    30       11        2     0.12654044E+03  0.12220110E+03  0.50000000E+00  0.43393411E+01  0.86786822E+01  0.60000000E+08     1
    50    45    31       11        2     0.12310729E+03  0.11879860E+03  0.50000000E+00  0.43086861E+01  0.86173722E+01  0.60000000E+08     1
    50    45    32       11        2     0.11970540E+03  0.11543170E+03  0.50000000E+00  0.42736957E+01  0.85473914E+01  0.60000000E+08     1
    50    45    33       11        2     0.11633625E+03  0.11210601E+03  0.50000000E+00  0.42302398E+01  0.84604797E+01  0.60000000E+08     1
    50    45    34       11        2     0.11300261E+03  0.10883341E+03  0.50000000E+00  0.41691963E+01  0.83383926E+01  0.60000000E+08     1
    50    45    35       11        2     0.10970941E+03  0.10564108E+03  0.50000000E+00  0.40683339E+01  0.81366678E+01  0.60000000E+08     1
    50    45    36       11        2     0.10646442E+03  0.10177092E+03  0.50000000E+00  0.46934920E+01  0.93869839E+01  0.60000000E+08     1
    50    45    37       10        2     0.10241169E+03  0.97079256E+02  0.50000000E+00  0.53324336E+01  0.10664867E+02  0.60000000E+08     1
    50    45    38       10        2     0.97527942E+02  0.92265274E+02  0.50000000E+00  0.52626679E+01  0.10525336E+02  0.60000000E+08     1
    50    45    39       10        2     0.92649708E+02  0.87417734E+02  0.50000000E+00  0.52319741E+01  0.10463948E+02  0.60000000E+08     1
    50    45    40       10        2     0.87780116E+02  0.82571674E+02  0.50000000E+00  0.52084416E+01  0.10416883E+02  0.60000000E+08     1
    50    45    41       10        2     0.82926120E+02  0.77742553E+02  0.50000000E+00  0.51835674E+01  0.10367135E+02  0.60000000E+08     1
    50    45    42       10        2     0.78093222E+02  0.72938417E+02  0.50000000E+00  0.51548044E+01  0.10309609E+02  0.60000000E+08     1
    50    45    43       10        2     0.73285025E+02  0.68163863E+02  0.50000000E+00  0.51211617E+01  0.10242323E+02  0.60000000E+08     1
    50    45    44       10        2     0.68503100E+02  0.63420688E+02  0.50000000E+00  0.50824120E+01  0.10164824E+02  0.60000000E+08     1
    50    45    45       10        2     0.63746203E+02  0.58707157E+02  0.50000000E+00  0.50390458E+01  0.10078092E+02  0.60000000E+08     1
    50    45    46       10        2     0.59009054E+02  0.55386813E+02  0.50000000E+00  0.36222417E+01  0.72444834E+01  0.60000000E+08     1
    50    45    47        9        2     0.55662018E+02  0.53448281E+02  0.50000000E+00  0.22137370E+01  0.44274741E+01  0.60000000E+08     1
    50    45    48        9        2     0.53692684E+02  0.50878415E+02  0.50000000E+00  0.28142694E+01  0.56285387E+01  0.60000000E+08     1
    50    45    49        8        2     0.51072751E+02  0.47683527E+02  0.50000000E+00  0.33892243E+01  0.67784485E+01  0.60000000E+08     1
    50    45    50        8        2     0.47816868E+02  0.43794502E+02  0.50000000E+00  0.40223657E+01  0.80447315E+01  0.60000000E+08     1
    50    45    51        7        2     0.43865799E+02  0.39215953E+02  0.50000000E+00  0.46498464E+01  0.92996928E+01  0.60000000E+08     1
    50    45    52        7        2     0.39231660E+02  0.34663423E+02  0.50000000E+00  0.45682372E+01  0.91364744E+01  0.60000000E+08     1
    50    45    53        7        2     0.34640015E+02  0.30133358E+02  0.50000000E+00  0.45066570E+01  0.90133140E+01  0.60000000E+08     1
    50    45    54        7        2     0.30084971E+02  0.25616682E+02  0.50000000E+00  0.44682893E+01  0.89365786E+01  0.60000000E+08     1
    50    45    55        7        2     0.25559895E+02  0.21304517E+02  0.50000000E+00  0.42553777E+01  0.85107553E+01  0.60000000E+08     1
