% Shemat-Suite version: SHEMAT-Suite 9.0 (Freely)                                                       
% data fit at iteration                final
%    i     j     k     unit     type               calc             obs             err            diff             res            time  ozone
    32    15    21       12        2     0.15608540E+03  0.15145234E+03  0.50000000E+00  0.46330573E+01  0.92661147E+01  0.60000000E+08     1
    32    15    22       12        2     0.15234405E+03  0.14773580E+03  0.50000000E+00  0.46082499E+01  0.92164998E+01  0.60000000E+08     1
    32    15    23       12        2     0.14862086E+03  0.14403725E+03  0.50000000E+00  0.45836090E+01  0.91672180E+01  0.60000000E+08     1
    32    15    24       12        2     0.14491533E+03  0.14035619E+03  0.50000000E+00  0.45591478E+01  0.91182956E+01  0.60000000E+08     1
    32    15    25       12        2     0.14122690E+03  0.13669201E+03  0.50000000E+00  0.45348915E+01  0.90697830E+01  0.60000000E+08     1
    32    15    26       12        2     0.13755495E+03  0.13304408E+03  0.50000000E+00  0.45108650E+01  0.90217300E+01  0.60000000E+08     1
    32    15    27       12        2     0.13389877E+03  0.12941170E+03  0.50000000E+00  0.44870693E+01  0.89741386E+01  0.60000000E+08     1
    32    15    28       12        2     0.13025761E+03  0.12579415E+03  0.50000000E+00  0.44634621E+01  0.89269243E+01  0.60000000E+08     1
    32    15    29       12        2     0.12663073E+03  0.12219071E+03  0.50000000E+00  0.44400171E+01  0.88800342E+01  0.60000000E+08     1
    32    15    30       12        2     0.12301733E+03  0.11860055E+03  0.50000000E+00  0.44167801E+01  0.88335603E+01  0.60000000E+08     1
    32    15    31       12        2     0.11941656E+03  0.11502268E+03  0.50000000E+00  0.43938732E+01  0.87877464E+01  0.60000000E+08     1
    32    15    32       12        2     0.11582733E+03  0.11145585E+03  0.50000000E+00  0.43714775E+01  0.87429550E+01  0.60000000E+08     1
    32    15    33       12        2     0.11224834E+03  0.10789855E+03  0.50000000E+00  0.43497906E+01  0.86995812E+01  0.60000000E+08     1
    32    15    34       12        2     0.10867802E+03  0.10434913E+03  0.50000000E+00  0.43288901E+01  0.86577802E+01  0.60000000E+08     1
    32    15    35       12        2     0.10511464E+03  0.10080633E+03  0.50000000E+00  0.43083098E+01  0.86166197E+01  0.60000000E+08     1
    32    15    36       12        2     0.10155683E+03  0.97269028E+02  0.50000000E+00  0.42878017E+01  0.85756035E+01  0.60000000E+08     1
    32    15    37       12        2     0.98003436E+02  0.93735758E+02  0.50000000E+00  0.42676786E+01  0.85353572E+01  0.60000000E+08     1
    32    15    38       12        2     0.94452953E+02  0.90204327E+02  0.50000000E+00  0.42486263E+01  0.84972526E+01  0.60000000E+08     1
    32    15    39       12        2     0.90903304E+02  0.86671385E+02  0.50000000E+00  0.42319184E+01  0.84638368E+01  0.60000000E+08     1
    32    15    40       12        2     0.87351502E+02  0.83131509E+02  0.50000000E+00  0.42199929E+01  0.84399858E+01  0.60000000E+08     1
    32    15    41       12        2     0.83792862E+02  0.79575263E+02  0.50000000E+00  0.42175987E+01  0.84351973E+01  0.60000000E+08     1
    32    15    42       12        2     0.80219098E+02  0.75984904E+02  0.50000000E+00  0.42341939E+01  0.84683878E+01  0.60000000E+08     1
    32    15    43       12        2     0.76613917E+02  0.72324252E+02  0.50000000E+00  0.42896648E+01  0.85793296E+01  0.60000000E+08     1
    32    15    44       12        2     0.72942315E+02  0.68531442E+02  0.50000000E+00  0.44108732E+01  0.88217465E+01  0.60000000E+08     1
    32    15    45       12        2     0.69142261E+02  0.64669560E+02  0.50000000E+00  0.44727007E+01  0.89454015E+01  0.60000000E+08     1
    32    15    46       12        2     0.65272657E+02  0.60810325E+02  0.50000000E+00  0.44623321E+01  0.89246643E+01  0.60000000E+08     1
    32    15    47       12        2     0.61403478E+02  0.56994213E+02  0.50000000E+00  0.44092647E+01  0.88185294E+01  0.60000000E+08     1
    32    15    48       12        2     0.57573990E+02  0.53259247E+02  0.50000000E+00  0.43147426E+01  0.86294853E+01  0.60000000E+08     1
    32    15    49       12        2     0.53820010E+02  0.49667649E+02  0.50000000E+00  0.41523603E+01  0.83047205E+01  0.60000000E+08     1
    32    15    50       12        2     0.50198247E+02  0.46839711E+02  0.50000000E+00  0.33585361E+01  0.67170722E+01  0.60000000E+08     1
    32    15    51        9        2     0.47330327E+02  0.43918630E+02  0.50000000E+00  0.34116972E+01  0.68233945E+01  0.60000000E+08     1
    32    15    52        8        2     0.44310606E+02  0.40376437E+02  0.50000000E+00  0.39341682E+01  0.78683365E+01  0.60000000E+08     1
    32    15    53        8        2     0.40653630E+02  0.36129785E+02  0.50000000E+00  0.45238452E+01  0.90476904E+01  0.60000000E+08     1
    32    15    54        7        2     0.36310031E+02  0.31150589E+02  0.50000000E+00  0.51594416E+01  0.10318883E+02  0.60000000E+08     1
    32    15    55        7        2     0.31244929E+02  0.26234622E+02  0.50000000E+00  0.50103066E+01  0.10020613E+02  0.60000000E+08     1
    32    15    56        7        2     0.26276837E+02  0.21462407E+02  0.50000000E+00  0.48144299E+01  0.96288599E+01  0.60000000E+08     1
    32    15    57        7        2     0.21476971E+02  0.17040457E+02  0.50000000E+00  0.44365138E+01  0.88730277E+01  0.60000000E+08     1
    79    23    31       12        2     0.11624770E+03  0.11190129E+03  0.50000000E+00  0.43464075E+01  0.86928151E+01  0.60000000E+08     1
    79    23    32       12        2     0.11263291E+03  0.10831165E+03  0.50000000E+00  0.43212639E+01  0.86425278E+01  0.60000000E+08     1
    79    23    33       12        2     0.10903517E+03  0.10473877E+03  0.50000000E+00  0.42963977E+01  0.85927955E+01  0.60000000E+08     1
    79    23    34       12        2     0.10545413E+03  0.10118208E+03  0.50000000E+00  0.42720474E+01  0.85440947E+01  0.60000000E+08     1
    79    23    35       12        2     0.10188929E+03  0.97640698E+02  0.50000000E+00  0.42485928E+01  0.84971856E+01  0.60000000E+08     1
    79    23    36       12        2     0.98339889E+02  0.94113242E+02  0.50000000E+00  0.42266475E+01  0.84532949E+01  0.60000000E+08     1
    79    23    37       12        2     0.94804715E+02  0.90597498E+02  0.50000000E+00  0.42072167E+01  0.84144333E+01  0.60000000E+08     1
    79    23    38       12        2     0.91281760E+02  0.87089785E+02  0.50000000E+00  0.41919756E+01  0.83839513E+01  0.60000000E+08     1
    79    23    39       12        2     0.87767533E+02  0.83583770E+02  0.50000000E+00  0.41837628E+01  0.83675256E+01  0.60000000E+08     1
    79    23    40       12        2     0.84255701E+02  0.80068237E+02  0.50000000E+00  0.41874635E+01  0.83749271E+01  0.60000000E+08     1
    79    23    41       12        2     0.80734347E+02  0.76522745E+02  0.50000000E+00  0.42116026E+01  0.84232051E+01  0.60000000E+08     1
    79    23    42       12        2     0.77180358E+02  0.72909137E+02  0.50000000E+00  0.42712209E+01  0.85424418E+01  0.60000000E+08     1
    79    23    43       12        2     0.73547794E+02  0.68506751E+02  0.50000000E+00  0.50410430E+01  0.10082086E+02  0.60000000E+08     1
    79    23    44        6        2     0.69087654E+02  0.64742587E+02  0.50000000E+00  0.43450668E+01  0.86901336E+01  0.60000000E+08     1
    79    23    45        9        2     0.65202285E+02  0.61703930E+02  0.50000000E+00  0.34983549E+01  0.69967098E+01  0.60000000E+08     1
    79    23    46        8        2     0.62004069E+02  0.57964762E+02  0.50000000E+00  0.40393068E+01  0.80786136E+01  0.60000000E+08     1
    79    23    47        8        2     0.58108238E+02  0.53428196E+02  0.50000000E+00  0.46800415E+01  0.93600830E+01  0.60000000E+08     1
    79    23    48        7        2     0.53499625E+02  0.48175945E+02  0.50000000E+00  0.53236800E+01  0.10647360E+02  0.60000000E+08     1
    79    23    49        7        2     0.48205897E+02  0.42972006E+02  0.50000000E+00  0.52338910E+01  0.10467782E+02  0.60000000E+08     1
    79    23    50        7        2     0.42978549E+02  0.37780273E+02  0.50000000E+00  0.51982757E+01  0.10396551E+02  0.60000000E+08     1
    79    23    51        7        2     0.37776683E+02  0.32571487E+02  0.50000000E+00  0.52051959E+01  0.10410392E+02  0.60000000E+08     1
    79    23    52        7        2     0.32580568E+02  0.27557691E+02  0.50000000E+00  0.50228776E+01  0.10045755E+02  0.60000000E+08     1
    79    23    53        6        2     0.27579527E+02  0.22740615E+02  0.50000000E+00  0.48389121E+01  0.96778241E+01  0.60000000E+08     1
    79    23    54        6        2     0.22758408E+02  0.17889341E+02  0.50000000E+00  0.48690665E+01  0.97381330E+01  0.60000000E+08     1
    54    35    18       12        2     0.16853285E+03  0.16379233E+03  0.50000000E+00  0.47405145E+01  0.94810290E+01  0.60000000E+08     1
    54    35    19       12        2     0.16475321E+03  0.16005174E+03  0.50000000E+00  0.47014770E+01  0.94029539E+01  0.60000000E+08     1
    54    35    20       12        2     0.16100076E+03  0.15630407E+03  0.50000000E+00  0.46966913E+01  0.93933825E+01  0.60000000E+08     1
    54    35    21       11        2     0.15724432E+03  0.15255215E+03  0.50000000E+00  0.46921726E+01  0.93843451E+01  0.60000000E+08     1
    54    35    22       11        2     0.15348429E+03  0.14882833E+03  0.50000000E+00  0.46559602E+01  0.93119204E+01  0.60000000E+08     1
    54    35    23       11        2     0.14975202E+03  0.14512802E+03  0.50000000E+00  0.46239950E+01  0.92479900E+01  0.60000000E+08     1
    54    35    24       11        2     0.14604243E+03  0.14145250E+03  0.50000000E+00  0.45899297E+01  0.91798595E+01  0.60000000E+08     1
    54    35    25       11        2     0.14235705E+03  0.13780218E+03  0.50000000E+00  0.45548742E+01  0.91097484E+01  0.60000000E+08     1
    54    35    26       11        2     0.13869678E+03  0.13417776E+03  0.50000000E+00  0.45190276E+01  0.90380552E+01  0.60000000E+08     1
    54    35    27       11        2     0.13506228E+03  0.13058006E+03  0.50000000E+00  0.44822224E+01  0.89644448E+01  0.60000000E+08     1
    54    35    28       11        2     0.13145422E+03  0.12701003E+03  0.50000000E+00  0.44441866E+01  0.88883731E+01  0.60000000E+08     1
    54    35    29       11        2     0.12787344E+03  0.12346885E+03  0.50000000E+00  0.44045866E+01  0.88091733E+01  0.60000000E+08     1
    54    35    30       11        2     0.12432103E+03  0.11995803E+03  0.50000000E+00  0.43629995E+01  0.87259989E+01  0.60000000E+08     1
    54    35    31       11        2     0.12079844E+03  0.11647959E+03  0.50000000E+00  0.43188569E+01  0.86377138E+01  0.60000000E+08     1
    54    35    32       11        2     0.11730764E+03  0.11303626E+03  0.50000000E+00  0.42713810E+01  0.85427619E+01  0.60000000E+08     1
    54    35    33       11        2     0.11385125E+03  0.10963170E+03  0.50000000E+00  0.42195494E+01  0.84390988E+01  0.60000000E+08     1
    54    35    34       11        2     0.11043266E+03  0.10627044E+03  0.50000000E+00  0.41622219E+01  0.83244437E+01  0.60000000E+08     1
    54    35    35       11        2     0.10705584E+03  0.10295704E+03  0.50000000E+00  0.40988044E+01  0.81976087E+01  0.60000000E+08     1
    54    35    36       11        2     0.10372426E+03  0.98804323E+02  0.50000000E+00  0.49199353E+01  0.98398705E+01  0.60000000E+08     1
    54    35    37       10        2     0.99544264E+02  0.93801123E+02  0.50000000E+00  0.57431411E+01  0.11486282E+02  0.60000000E+08     1
    54    35    38       10        2     0.94503688E+02  0.88818554E+02  0.50000000E+00  0.56851336E+01  0.11370267E+02  0.60000000E+08     1
    54    35    39       10        2     0.89480110E+02  0.83852054E+02  0.50000000E+00  0.56280559E+01  0.11256112E+02  0.60000000E+08     1
    54    35    40       10        2     0.84471447E+02  0.78904814E+02  0.50000000E+00  0.55666339E+01  0.11133268E+02  0.60000000E+08     1
    54    35    41       10        2     0.79482175E+02  0.73984686E+02  0.50000000E+00  0.54974893E+01  0.10994979E+02  0.60000000E+08     1
    54    35    42       10        2     0.74520422E+02  0.69104925E+02  0.50000000E+00  0.54154971E+01  0.10830994E+02  0.60000000E+08     1
    54    35    43       10        2     0.69599185E+02  0.64288775E+02  0.50000000E+00  0.53104095E+01  0.10620819E+02  0.60000000E+08     1
    54    35    44       10        2     0.64741320E+02  0.59580391E+02  0.50000000E+00  0.51609293E+01  0.10321859E+02  0.60000000E+08     1
    54    35    45       10        2     0.59990771E+02  0.55068754E+02  0.50000000E+00  0.49220172E+01  0.98440344E+01  0.60000000E+08     1
    54    35    46       10        2     0.55436836E+02  0.51962377E+02  0.50000000E+00  0.34744593E+01  0.69489186E+01  0.60000000E+08     1
    54    35    47        9        2     0.52299657E+02  0.50067965E+02  0.50000000E+00  0.22316922E+01  0.44633844E+01  0.60000000E+08     1
    54    35    48        9        2     0.50384323E+02  0.47497134E+02  0.50000000E+00  0.28871892E+01  0.57743783E+01  0.60000000E+08     1
    54    35    49        8        2     0.47784429E+02  0.44277886E+02  0.50000000E+00  0.35065435E+01  0.70130871E+01  0.60000000E+08     1
    54    35    50        8        2     0.44529849E+02  0.40344676E+02  0.50000000E+00  0.41851738E+01  0.83703477E+01  0.60000000E+08     1
    54    35    51        7        2     0.40557037E+02  0.35710074E+02  0.50000000E+00  0.48469630E+01  0.96939259E+01  0.60000000E+08     1
    54    35    52        7        2     0.35877492E+02  0.31108668E+02  0.50000000E+00  0.47688248E+01  0.95376497E+01  0.60000000E+08     1
    54    35    53        7        2     0.31231800E+02  0.26543506E+02  0.50000000E+00  0.46882933E+01  0.93765866E+01  0.60000000E+08     1
    54    35    54        7        2     0.26625282E+02  0.22014892E+02  0.50000000E+00  0.46103902E+01  0.92207803E+01  0.60000000E+08     1
    54    35    55        7        2     0.22060448E+02  0.17520305E+02  0.50000000E+00  0.45401430E+01  0.90802860E+01  0.60000000E+08     1
    50    45    27       11        2     0.13697906E+03  0.13259854E+03  0.50000000E+00  0.43805154E+01  0.87610308E+01  0.60000000E+08     1
    50    45    28       11        2     0.13344560E+03  0.12910242E+03  0.50000000E+00  0.43431763E+01  0.86863526E+01  0.60000000E+08     1
    50    45    29       11        2     0.12994101E+03  0.12563626E+03  0.50000000E+00  0.43047511E+01  0.86095023E+01  0.60000000E+08     1
    50    45    30       11        2     0.12646592E+03  0.12220110E+03  0.50000000E+00  0.42648236E+01  0.85296472E+01  0.60000000E+08     1
    50    45    31       11        2     0.12302125E+03  0.11879860E+03  0.50000000E+00  0.42226430E+01  0.84452860E+01  0.60000000E+08     1
    50    45    32       11        2     0.11960843E+03  0.11543170E+03  0.50000000E+00  0.41767331E+01  0.83534663E+01  0.60000000E+08     1
    50    45    33       11        2     0.11622997E+03  0.11210601E+03  0.50000000E+00  0.41239582E+01  0.82479164E+01  0.60000000E+08     1
    50    45    34       11        2     0.11289062E+03  0.10883341E+03  0.50000000E+00  0.40572143E+01  0.81144287E+01  0.60000000E+08     1
    50    45    35       11        2     0.10960067E+03  0.10564108E+03  0.50000000E+00  0.39595864E+01  0.79191729E+01  0.60000000E+08     1
    50    45    36       11        2     0.10638484E+03  0.10177092E+03  0.50000000E+00  0.46139129E+01  0.92278259E+01  0.60000000E+08     1
    50    45    37       10        2     0.10247644E+03  0.97079256E+02  0.50000000E+00  0.53971821E+01  0.10794364E+02  0.60000000E+08     1
    50    45    38       10        2     0.97741671E+02  0.92265274E+02  0.50000000E+00  0.54763963E+01  0.10952793E+02  0.60000000E+08     1
    50    45    39       10        2     0.92895113E+02  0.87417734E+02  0.50000000E+00  0.54773792E+01  0.10954758E+02  0.60000000E+08     1
    50    45    40       10        2     0.88022287E+02  0.82571674E+02  0.50000000E+00  0.54506127E+01  0.10901225E+02  0.60000000E+08     1
    50    45    41       10        2     0.83154227E+02  0.77742553E+02  0.50000000E+00  0.54116742E+01  0.10823348E+02  0.60000000E+08     1
    50    45    42       10        2     0.78303578E+02  0.72938417E+02  0.50000000E+00  0.53651605E+01  0.10730321E+02  0.60000000E+08     1
    50    45    43       10        2     0.73476279E+02  0.68163863E+02  0.50000000E+00  0.53124164E+01  0.10624833E+02  0.60000000E+08     1
    50    45    44       10        2     0.68674850E+02  0.63420688E+02  0.50000000E+00  0.52541615E+01  0.10508323E+02  0.60000000E+08     1
    50    45    45       10        2     0.63898533E+02  0.58707157E+02  0.50000000E+00  0.51913756E+01  0.10382751E+02  0.60000000E+08     1
    50    45    46       10        2     0.59142332E+02  0.55386813E+02  0.50000000E+00  0.37555197E+01  0.75110393E+01  0.60000000E+08     1
    50    45    47        9        2     0.55782015E+02  0.53448281E+02  0.50000000E+00  0.23337338E+01  0.46674676E+01  0.60000000E+08     1
    50    45    48        9        2     0.53805185E+02  0.50878415E+02  0.50000000E+00  0.29267696E+01  0.58535392E+01  0.60000000E+08     1
    50    45    49        8        2     0.51176100E+02  0.47683527E+02  0.50000000E+00  0.34925733E+01  0.69851467E+01  0.60000000E+08     1
    50    45    50        8        2     0.47909467E+02  0.43794502E+02  0.50000000E+00  0.41149653E+01  0.82299306E+01  0.60000000E+08     1
    50    45    51        7        2     0.43946116E+02  0.39215953E+02  0.50000000E+00  0.47301627E+01  0.94603253E+01  0.60000000E+08     1
    50    45    52        7        2     0.39298158E+02  0.34663423E+02  0.50000000E+00  0.46347353E+01  0.92694705E+01  0.60000000E+08     1
    50    45    53        7        2     0.34693260E+02  0.30133358E+02  0.50000000E+00  0.45599022E+01  0.91198044E+01  0.60000000E+08     1
    50    45    54        7        2     0.30125443E+02  0.25616682E+02  0.50000000E+00  0.45087609E+01  0.90175219E+01  0.60000000E+08     1
    50    45    55        7        2     0.25587982E+02  0.21304517E+02  0.50000000E+00  0.42834647E+01  0.85669293E+01  0.60000000E+08     1
